scene_id agent_id completed_episodes green amber red amber_red collision wall not_permitted target step_count
13 3 1 1 0 0 0 0 0 0 1 161
8 3 1 1 0 0 0 0 0 0 1 178
9 3 1 1 0 0 0 0 0 0 1 181
19 2 1 1 0 0 0 0 0 0 1 202
21 2 1 1 0 0 0 0 0 0 1 210
18 2 1 1 0 0 0 0 0 0 1 213
20 3 1 1 0 0 0 0 0 0 1 217
7 2 1 1 0 0 0 0 0 0 1 221
17 2 1 1 0 0 0 0 0 0 1 226
17 3 1 1 0 0 0 0 0 0 1 229
12 2 1 2 0 0 0 0 0 0 1 236
8 2 1 1 0 0 0 0 0 0 1 241
7 3 1 1 0 0 0 0 0 0 1 242
10 3 1 2 0 0 0 0 0 0 1 242
11 2 1 1 0 0 0 0 0 0 1 243
10 2 1 1 0 0 0 0 0 0 1 244
12 3 1 1 0 0 0 0 0 0 1 253
20 2 1 1 0 0 0 0 0 0 1 254
6 2 1 1 0 0 0 0 0 0 1 255
15 3 1 1 0 0 0 0 0 0 1 261
15 2 1 1 0 0 0 0 0 0 1 261
19 3 1 1 0 0 0 0 0 0 1 268
16 3 1 1 0 0 0 0 0 0 1 275
21 3 1 1 0 0 0 0 0 0 1 277
11 3 1 1 0 0 0 0 0 0 1 282
18 3 1 1 0 0 0 0 0 0 1 287
6 3 1 1 0 0 0 0 0 0 1 293
13 2 1 1 0 0 0 0 0 0 1 298
16 2 1 2 0 0 0 0 0 0 1 300
9 2 1 1 0 0 0 0 0 0 1 301
14 2 1 1 0 0 0 0 0 0 1 302
14 3 1 1 0 0 0 0 0 0 1 342
13 3 2 1 0 0 0 0 0 0 1 204
17 2 2 1 0 0 0 0 0 0 1 183
19 2 2 1 0 0 0 0 0 0 1 208
7 2 2 1 0 0 0 0 0 0 1 212
21 2 2 1 0 0 0 0 0 0 1 231
8 2 2 1 0 0 0 0 0 0 1 203
20 3 2 1 0 0 0 0 0 0 1 230
16 3 2 1 0 0 0 0 0 0 1 175
12 2 2 1 1 0 0 0 0 0 1 216
17 3 2 1 0 0 0 0 0 0 1 237
9 3 2 1 0 0 0 0 0 0 1 288
19 3 2 1 0 0 0 0 0 0 1 204
18 2 2 1 0 0 0 0 0 0 1 265
6 2 2 0 1 0 0 0 0 0 1 226
10 2 2 1 0 0 0 0 0 0 1 239
10 3 2 1 0 0 0 0 0 0 1 245
8 3 2 1 0 0 0 0 0 0 1 313
12 3 2 1 1 0 0 0 0 0 1 247
21 3 2 1 0 0 0 0 0 0 1 225
15 3 2 0 1 0 0 0 0 0 1 249
7 3 2 1 0 0 0 0 0 0 1 273
15 2 2 0 1 0 0 0 0 0 1 254
20 2 2 1 0 0 0 0 0 0 1 268
11 3 2 1 0 0 0 0 0 0 1 244
6 3 2 0 1 0 0 0 0 0 1 235
14 3 2 1 0 0 0 0 0 0 1 187
16 2 2 1 1 0 0 0 0 0 1 230
18 3 2 0 1 0 0 0 0 0 1 254
13 2 2 0 1 0 0 0 0 0 1 254
9 2 2 1 0 0 0 0 0 0 1 255
11 2 2 1 0 0 0 0 0 0 1 316
11 3 3 0 1 1 0 0 0 0 0 89
13 3 3 0 1 0 0 0 0 0 1 260
20 3 3 0 1 0 0 0 0 0 1 187
19 2 3 0 1 0 0 0 0 0 1 236
14 2 2 1 0 0 0 0 0 0 1 355
9 2 3 0 1 1 0 0 0 0 0 101
12 2 3 0 1 0 0 0 0 0 1 212
19 3 3 0 1 0 0 0 0 0 1 204
21 2 3 0 1 0 0 0 0 0 1 236
17 2 3 0 1 0 0 0 0 0 1 273
10 3 3 0 1 0 0 0 0 0 1 203
16 3 3 0 1 0 0 0 0 0 1 261
8 2 3 0 1 0 0 0 0 0 1 276
7 3 3 0 1 0 0 0 0 0 1 206
9 3 3 0 1 0 0 0 0 0 1 261
7 2 3 0 1 0 0 0 0 0 1 299
21 3 3 0 1 0 0 0 0 0 1 238
10 2 3 0 1 0 0 0 0 0 1 281
14 3 3 0 1 0 0 0 0 0 1 238
17 4 1 1 0 0 0 0 0 0 1 790
6 4 1 2 0 0 0 0 0 0 1 801
18 5 1 4 0 0 0 0 0 0 1 848
13 5 1 1 0 0 0 0 0 0 1 866
13 4 1 1 0 0 0 0 0 0 1 869
15 4 1 1 0 0 0 0 0 0 1 876
12 4 1 1 0 0 0 0 0 0 1 883
20 4 1 1 0 0 0 0 0 0 1 890
20 5 1 1 0 0 0 0 0 0 1 899
17 5 1 1 0 0 0 0 0 0 1 902
12 5 1 1 0 0 0 0 0 0 1 905
15 5 1 1 0 0 0 0 0 0 1 913
16 5 1 1 0 0 0 0 0 0 1 917
16 4 1 1 0 0 0 0 0 0 1 921
18 4 1 1 0 0 0 0 0 0 1 926
8 4 1 1 0 0 0 0 0 0 1 931
8 5 1 1 0 0 0 0 0 0 1 938
7 5 1 1 0 0 0 0 0 0 1 938
6 5 1 1 0 0 0 0 0 0 1 943
19 4 1 1 0 0 0 0 0 0 1 962
14 4 1 1 0 0 0 0 0 0 1 978
11 4 1 1 0 0 0 0 0 0 1 984
17 4 2 1 0 0 0 0 0 0 1 203
11 5 1 1 0 0 0 0 0 0 1 999
21 5 1 1 0 0 0 0 0 0 1 1005
6 4 2 1 0 0 0 0 0 0 1 205
19 5 1 1 0 0 0 0 0 0 1 1009
10 5 1 1 0 0 0 0 0 0 1 1023
14 5 1 1 0 0 0 0 0 0 1 1045
9 5 1 1 0 0 0 0 0 0 1 1046
21 4 1 1 0 0 0 0 0 0 1 1047
10 4 1 1 0 0 0 0 0 0 1 1051
7 4 1 1 0 0 0 0 0 0 1 1051
12 4 2 1 0 0 0 0 0 0 1 194
13 4 2 1 0 0 0 0 0 0 1 218
12 5 2 1 0 0 0 0 0 0 1 195
18 5 2 1 0 0 0 0 0 0 1 260
16 5 2 1 0 0 0 0 0 0 1 196
16 4 2 1 0 0 0 0 0 0 1 226
15 5 2 0 1 0 0 0 0 0 1 235
17 5 2 1 0 0 0 0 0 0 1 250
19 4 2 1 0 0 0 0 0 0 1 194
6 5 2 0 1 0 0 0 0 0 1 219
20 4 2 1 0 0 0 0 0 0 1 274
20 5 2 1 0 0 0 0 0 0 1 265
13 5 2 1 0 0 0 0 0 0 1 304
18 4 2 1 0 0 0 0 0 0 1 253
15 4 2 0 1 0 0 0 0 0 1 303
7 5 2 1 0 0 0 0 0 0 1 246
8 4 2 1 0 0 0 0 0 0 1 263
6 4 3 0 1 0 0 0 0 0 1 199
17 4 3 1 0 0 0 0 0 0 1 219
8 5 2 2 0 0 0 0 0 0 1 282
10 5 2 1 0 0 0 0 0 0 1 200
21 5 2 1 0 0 0 0 0 0 1 224
11 4 2 1 0 0 0 0 0 0 1 246
11 5 2 1 0 0 0 0 0 0 1 240
10 4 2 1 0 0 0 0 0 0 1 202
19 5 2 1 0 0 0 0 0 0 1 254
9 5 2 1 0 0 0 0 0 0 1 242
14 4 2 1 0 0 0 0 0 0 1 321
17 5 3 0 1 0 0 0 0 0 1 159
21 4 2 1 0 0 0 0 0 0 1 274
7 4 2 1 0 0 0 0 0 0 1 283
13 4 3 0 1 0 0 0 0 0 1 253
14 5 2 0 1 0 0 0 0 0 1 302
12 4 3 0 1 0 0 0 0 0 1 271
12 5 3 0 1 0 0 0 0 0 1 252
20 5 3 0 1 0 0 0 0 0 1 190
18 5 3 0 1 0 0 0 0 0 1 252
16 5 3 0 1 0 0 0 0 0 1 276
19 4 3 0 1 0 0 0 0 0 1 246
20 4 3 0 1 0 0 0 0 0 1 250
8 4 3 0 1 0 0 0 0 0 1 224
21 5 3 0 1 0 0 0 0 0 1 223
12 3 3 0 0 0 1 0 0 0 0 953
12 2 4 0 0 0 1 0 0 0 0 790
10 5 3 0 1 0 0 0 0 0 1 233
11 4 3 0 1 0 0 0 0 0 1 227
15 3 3 1 0 0 0 0 0 0 1 959
7 5 3 0 1 0 0 0 0 0 1 291
17 4 4 0 1 0 0 0 0 0 1 276
6 3 3 1 0 0 0 0 0 0 1 963
10 4 3 0 1 0 0 0 0 0 1 240
9 5 3 0 1 0 0 0 0 0 1 218
16 3 4 1 0 0 0 0 0 0 1 808
13 3 4 1 0 0 0 0 0 0 1 901
11 5 3 0 1 0 0 0 0 0 1 296
15 2 3 1 0 0 0 0 0 0 1 1035
21 4 3 0 1 0 0 0 0 0 1 234
16 2 3 1 0 0 0 0 0 0 1 1031
19 5 3 0 1 0 0 0 0 0 1 305
18 2 3 1 0 0 0 0 0 0 1 1123
6 2 3 1 0 0 0 0 0 0 1 1128
8 2 4 1 0 0 0 0 0 0 1 909
14 3 4 1 0 0 0 0 0 0 1 862
10 3 4 1 0 0 0 0 0 0 1 956
17 2 4 1 0 0 0 0 0 0 1 966
17 3 3 1 0 0 0 0 0 0 1 1185
13 2 3 1 0 0 0 0 0 0 1 1100
20 3 4 1 0 0 0 0 0 0 1 1020
18 3 3 1 0 0 0 0 0 0 1 1113
20 2 3 1 0 0 0 0 0 0 1 1159
15 3 4 1 0 0 0 0 0 0 1 222
9 4 1 1 0 0 0 0 0 0 1 1692
11 2 3 1 0 0 0 0 0 0 1 1152
12 3 4 1 0 0 0 0 0 0 1 260
12 2 5 1 0 0 0 0 0 0 1 267
11 3 4 1 0 0 0 0 0 0 1 1110
14 2 3 1 0 0 0 0 0 0 1 1072
7 2 4 1 0 0 0 0 0 0 1 1011
19 3 4 1 0 0 0 0 0 0 1 1068
6 3 4 1 0 0 0 0 0 0 1 255
15 2 4 1 0 0 0 0 0 0 1 205
16 2 4 1 0 0 0 0 0 0 1 207
13 3 5 1 0 0 0 0 0 0 1 254
10 2 4 1 0 0 0 0 0 0 1 1030
21 2 4 1 0 0 0 0 0 0 1 1118
16 3 5 1 0 0 0 0 0 0 1 278
9 2 4 1 0 0 0 0 0 0 1 1145
7 3 4 1 0 0 0 0 0 0 1 1087
19 2 4 1 0 0 0 0 0 0 1 1174
9 3 4 1 0 0 0 0 0 0 1 1096
6 2 4 1 0 0 0 0 0 0 1 229
20 3 5 1 0 0 0 0 0 0 1 187
21 3 4 1 0 0 0 0 0 0 1 1109
17 2 5 1 0 0 0 0 0 0 1 218
8 2 5 1 0 0 0 0 0 0 1 237
18 2 4 2 0 0 0 0 0 0 1 280
13 2 4 1 0 0 0 0 0 0 1 238
18 3 4 2 0 0 0 0 0 0 1 247
14 3 5 1 0 0 0 0 0 0 1 276
15 3 5 1 1 0 0 0 0 0 1 218
11 3 5 1 0 0 0 0 0 0 1 195
12 3 5 1 0 0 0 0 0 0 1 209
7 2 5 1 0 0 0 0 0 0 1 185
17 3 4 0 1 0 0 0 0 0 1 285
19 3 5 2 0 0 0 0 0 0 1 197
13 3 6 0 1 0 0 0 0 0 1 164
20 2 4 1 0 0 0 0 0 0 1 266
10 3 5 1 0 0 0 0 0 0 1 303
21 2 5 1 0 0 0 0 0 0 1 166
6 3 5 0 1 0 0 0 0 0 1 224
12 2 6 1 0 0 0 0 0 0 1 263
16 3 6 0 0 1 0 0 0 0 0 189
14 2 4 1 0 0 0 0 0 0 1 259
15 2 5 0 1 0 0 0 0 0 1 251
16 2 5 0 1 0 0 0 0 0 1 239
11 2 4 1 0 0 0 0 0 0 1 297
9 2 5 1 0 0 0 0 0 0 1 222
20 3 6 0 1 0 0 0 0 0 1 190
9 3 5 1 0 0 0 0 0 0 1 214
7 3 5 0 1 0 0 0 0 0 1 247
8 2 6 0 1 0 0 1 0 0 0 192
8 3 3 1 0 0 0 1 0 0 0 1567
6 2 5 0 1 0 0 0 0 0 1 239
10 2 5 1 0 0 0 0 0 0 1 287
13 2 5 0 1 0 0 0 0 0 1 202
19 2 5 1 0 0 0 0 0 0 1 282
7 2 6 0 1 0 0 0 0 0 1 180
18 2 5 0 1 0 0 0 0 0 1 231
19 3 6 1 1 0 0 0 0 0 1 178
14 3 6 0 1 0 0 0 0 0 1 230
11 3 6 0 1 0 0 0 0 0 1 220
21 3 5 1 0 0 0 0 0 0 1 291
10 3 6 0 1 0 0 0 0 0 1 196
21 2 6 1 0 0 0 0 0 0 1 185
12 3 6 0 1 0 0 0 0 0 1 236
10 2 6 0 1 1 0 0 0 0 0 104
19 3 7 0 1 1 0 0 0 0 0 78
15 5 3 1 0 0 0 0 0 0 1 1092
17 4 5 1 0 0 0 0 0 0 1 752
20 2 5 0 1 0 0 0 0 0 1 296
11 2 5 0 1 0 0 0 0 0 1 237
13 4 4 1 0 0 0 0 0 0 1 935
15 4 3 1 0 0 0 0 0 0 1 1100
9 3 6 0 1 0 0 0 0 0 1 258
18 4 3 1 0 0 0 0 0 0 1 1119
19 2 6 0 1 0 0 0 0 0 1 206
14 5 3 2 0 0 0 0 0 0 1 966
18 5 4 1 0 0 0 0 0 0 1 955
8 5 3 1 0 0 0 0 0 0 1 1098
8 4 4 1 0 0 0 0 0 0 1 909
13 5 3 1 0 0 0 0 0 0 1 1161
16 4 3 1 0 0 0 0 0 0 1 1189
6 4 4 1 0 0 0 0 0 0 1 1157
17 5 4 1 0 0 0 0 0 0 1 1054
9 2 6 0 1 0 0 0 0 0 1 346
16 5 4 1 0 0 0 0 0 0 1 989
21 3 6 0 1 0 0 0 0 0 1 238
12 4 4 1 0 0 0 0 0 0 1 1053
21 2 7 0 1 0 0 0 0 0 1 261
6 5 3 1 0 0 0 0 0 0 1 1255
7 5 4 1 0 0 0 0 0 0 1 942
20 4 4 1 0 0 0 0 0 0 1 1014
12 5 4 1 0 0 0 0 0 0 1 1081
14 4 3 1 0 0 0 0 0 0 1 1165
17 4 6 1 0 0 0 0 0 0 1 233
9 5 4 1 0 0 0 0 0 0 1 978
7 4 3 1 0 0 0 0 0 0 1 1154
20 5 4 1 0 0 0 0 0 0 1 1139
9 4 2 1 0 0 0 0 0 0 1 803
11 5 4 1 0 0 0 0 0 0 1 985
16 4 4 1 0 0 0 0 0 0 1 192
6 4 5 1 0 0 0 0 0 0 1 172
8 5 4 2 0 0 0 0 0 0 1 216
8 4 5 1 0 0 0 0 0 0 1 211
13 4 5 1 0 0 0 0 0 0 1 264
19 5 4 1 0 0 0 0 0 0 1 973
15 5 4 1 0 0 0 0 0 0 1 304
19 4 4 1 0 0 0 0 0 0 1 1150
15 4 4 1 0 0 0 0 0 0 1 275
18 4 4 1 0 0 0 0 0 0 1 273
18 5 5 1 0 0 0 0 0 0 1 256
10 4 4 1 0 0 0 0 0 0 1 1115
17 5 5 1 1 0 0 0 0 0 1 254
11 4 4 1 0 0 0 0 0 0 1 1162
16 5 5 1 0 0 0 0 0 0 1 243
13 5 4 1 0 0 0 0 0 0 1 302
7 5 5 1 0 0 0 0 0 0 1 220
21 5 4 1 0 0 0 0 0 0 1 1185
21 4 4 1 0 0 0 0 0 0 1 1092
12 5 5 1 0 0 0 0 0 0 1 225
20 4 5 1 0 0 0 0 0 0 1 240
12 4 5 1 0 0 0 0 0 0 1 269
7 4 4 0 1 0 0 0 0 0 1 208
6 5 4 1 1 0 0 0 0 0 1 280
16 4 5 0 1 0 0 0 0 0 1 182
14 5 4 1 0 0 0 0 0 0 1 399
17 4 7 0 1 0 0 0 0 0 1 240
9 5 5 1 0 0 0 0 0 0 1 240
13 5 5 0 0 1 0 0 0 0 0 101
9 4 3 1 0 0 0 0 0 0 1 251
19 5 5 1 0 0 0 0 0 0 1 208
6 4 6 0 1 0 0 0 0 0 1 215
15 4 5 0 1 0 0 0 0 0 1 204
15 5 5 0 1 0 0 0 0 0 1 217
8 5 5 0 1 0 0 0 0 0 1 230
18 4 5 0 1 0 0 0 0 0 1 194
20 5 5 0 1 0 0 0 0 0 1 284
8 4 6 0 1 0 0 0 0 0 1 242
19 4 5 1 0 0 0 0 0 0 1 229
14 4 4 1 0 0 0 0 0 0 1 320
11 5 5 1 0 0 0 0 0 0 1 266
13 4 6 0 1 0 0 0 0 0 1 252
7 5 6 0 1 0 0 0 0 0 1 163
16 5 6 0 1 0 0 0 0 0 1 181
18 5 6 0 1 0 0 0 0 0 1 237
11 4 5 1 0 0 0 0 0 0 1 208
10 4 5 1 0 0 0 0 0 0 1 238
21 5 5 1 0 0 0 0 0 0 1 218
12 4 6 0 1 0 0 0 0 0 1 191
21 4 5 1 0 0 0 0 0 0 1 244
20 4 6 0 1 0 0 0 0 0 1 235
14 5 5 0 1 0 0 0 0 0 1 235
12 5 6 0 1 0 0 0 0 0 1 291
17 3 5 1 0 0 0 0 0 0 1 1017
9 4 4 0 1 0 0 0 0 0 1 210
9 5 6 0 1 0 0 0 0 0 1 238
19 4 6 0 1 0 0 0 0 0 1 206
17 2 6 1 0 0 0 0 0 0 1 1129
19 5 6 0 1 0 0 0 0 0 1 248
18 2 6 2 0 0 0 0 0 0 1 894
15 3 6 1 0 0 0 0 0 0 1 1100
11 4 6 0 1 0 0 0 0 0 1 190
13 3 7 1 0 0 0 0 0 0 1 1102
11 5 6 0 1 0 0 0 0 0 1 266
16 2 6 1 0 0 0 0 0 0 1 1049
6 3 6 1 0 0 0 0 0 0 1 1095
14 3 7 1 0 0 0 0 0 0 1 938
13 2 6 1 0 0 0 0 0 0 1 983
10 4 6 0 1 0 0 0 0 0 1 244
8 3 4 1 0 0 0 0 0 0 1 1046
8 2 7 1 0 0 0 0 0 0 1 1048
6 2 6 1 0 0 0 0 0 0 1 1032
18 3 5 1 0 0 0 0 0 0 1 1212
12 2 7 1 0 0 0 0 0 0 1 1129
15 2 6 1 0 0 0 0 0 0 1 1111
16 3 7 1 0 0 0 0 0 0 1 1136
21 4 6 0 1 0 0 0 0 0 1 232
7 3 6 1 0 0 0 0 0 0 1 1070
14 2 5 1 0 0 0 0 0 0 1 1144
7 2 7 1 0 0 0 0 0 0 1 1026
21 5 6 0 1 0 0 0 0 0 1 284
12 3 7 1 0 0 0 0 0 0 1 992
20 3 7 1 0 0 0 0 0 0 1 1120
17 3 6 1 0 0 0 0 0 0 1 222
15 3 7 1 0 0 0 0 0 0 1 179
9 2 7 1 0 0 0 0 0 0 1 837
17 2 7 1 0 0 0 0 0 0 1 225
19 2 7 1 0 0 0 0 0 0 1 918
10 3 7 1 0 0 0 0 0 0 1 1110
13 2 7 1 0 0 0 0 0 0 1 197
19 3 8 1 0 0 0 0 0 0 1 1079
11 2 6 1 0 0 0 0 0 0 1 1031
16 2 7 1 0 0 0 0 0 0 1 227
13 3 8 1 0 0 0 0 0 0 1 242
11 3 7 1 0 0 0 0 0 0 1 1155
15 2 7 1 0 0 0 0 0 0 1 192
18 2 7 1 0 0 0 0 0 0 1 308
20 2 6 1 0 0 0 0 1 0 0 1075
7 3 7 1 0 0 0 0 0 0 1 197
9 3 7 1 0 0 0 0 0 0 1 1040
12 2 8 1 0 0 0 0 0 0 1 228
8 3 5 1 0 0 0 0 0 0 1 238
6 3 7 1 0 0 0 0 0 0 1 278
6 2 7 1 0 0 0 0 0 0 1 264
16 3 8 1 0 0 0 0 0 0 1 254
10 2 7 1 0 0 0 0 0 0 1 1193
14 3 8 1 0 0 0 0 0 0 1 305
21 2 8 1 0 0 0 0 0 0 1 988
18 3 6 1 0 0 0 0 0 0 1 288
7 2 8 1 0 0 0 0 0 0 1 268
17 3 7 0 1 0 0 0 0 0 1 240
20 3 8 1 0 0 0 0 0 0 1 264
14 2 6 1 0 0 0 0 0 0 1 291
15 3 8 0 1 0 0 0 0 0 1 243
8 2 8 1 0 0 0 0 0 0 1 327
12 3 8 0 1 0 0 0 0 0 1 297
9 2 8 1 0 0 0 0 0 0 1 250
19 2 8 1 0 0 0 0 0 0 1 243
14 3 9 0 1 1 0 0 0 0 0 107
16 2 8 0 1 0 0 0 0 0 1 204
11 2 7 1 0 0 0 0 0 0 1 215
13 2 8 0 1 0 0 0 0 0 1 227
21 3 7 1 0 0 0 0 0 0 1 1122
10 3 8 1 0 0 0 0 0 0 1 253
17 2 8 0 1 0 0 0 0 0 1 289
15 2 8 0 1 0 0 0 0 0 1 202
19 3 9 1 0 0 0 0 0 0 1 243
13 3 9 0 1 0 0 0 0 0 1 253
6 2 8 0 1 0 0 0 0 0 1 171
11 3 8 1 0 0 0 0 0 0 1 250
14 4 5 0 0 0 1 0 0 0 0 773
20 2 7 0 1 0 0 0 0 0 1 242
8 3 6 0 1 0 0 0 0 0 1 238
7 3 8 0 1 0 0 0 0 0 1 292
6 3 8 0 1 0 0 0 0 0 1 271
21 2 9 1 0 0 0 0 0 0 1 231
9 3 8 1 0 0 0 0 0 0 1 290
10 2 8 0 1 0 0 0 0 0 1 266
7 2 9 0 1 0 0 0 0 0 1 252
20 3 9 0 1 0 0 0 0 0 1 248
21 3 8 1 0 0 0 0 0 0 1 186
9 2 9 1 0 0 0 0 0 0 1 256
17 5 6 1 0 0 0 0 0 0 1 1111
10 3 9 0 1 0 0 0 0 0 1 228
11 2 8 0 1 0 0 0 0 0 1 246
18 5 7 1 0 0 0 0 0 0 1 934
19 2 9 0 1 0 0 0 0 0 1 279
13 4 7 1 0 0 0 0 0 0 1 957
8 4 7 1 0 0 0 0 0 0 1 970
18 4 6 1 0 0 0 0 0 0 1 997
14 5 6 1 0 0 0 0 0 0 1 822
9 2 10 0 0 1 0 0 0 0 0 57
12 4 7 1 0 0 0 0 0 0 1 910
13 5 6 1 0 0 0 0 0 0 1 1048
19 3 10 0 1 0 0 0 0 0 1 263
14 4 6 1 0 0 0 0 0 0 1 226
16 5 7 2 0 0 0 0 0 0 1 991
11 3 9 0 1 0 0 0 0 0 1 250
16 4 6 1 0 0 0 0 0 0 1 1101
17 4 8 1 0 0 0 0 0 0 1 1099
12 5 7 1 0 0 0 0 0 0 1 875
7 4 5 1 0 0 0 0 0 0 1 1142
7 5 7 1 0 0 0 0 0 0 1 1050
20 4 7 1 0 0 0 0 0 0 1 950
8 5 6 1 0 0 0 0 0 0 1 1091
9 3 9 0 1 0 0 0 0 0 1 233
21 2 10 0 1 0 0 0 0 0 1 237
15 4 6 1 0 0 0 0 0 0 1 1111
6 5 5 1 0 0 0 0 0 0 1 1200
21 3 9 0 1 0 0 0 0 0 1 215
20 5 6 1 0 0 0 0 0 0 1 1124
21 4 7 0 0 0 1 0 0 0 0 800
6 4 7 1 0 0 0 0 0 0 1 1183
18 5 8 1 0 0 0 0 0 0 1 223
19 5 7 1 0 0 0 0 0 0 1 981
8 4 8 1 0 0 0 0 0 0 1 231
17 4 9 1 0 0 0 0 0 0 1 173
10 4 7 1 0 0 0 0 0 0 1 906
13 5 7 1 0 0 0 0 0 0 1 215
13 4 8 1 0 0 0 0 0 0 1 251
12 5 8 1 0 0 0 0 0 0 1 182
7 4 6 2 0 0 0 0 0 0 1 170
17 5 7 1 0 0 0 0 0 0 1 286
12 4 8 1 0 0 0 0 0 0 1 245
14 5 7 1 0 0 0 0 0 0 1 269
9 4 5 1 0 0 0 0 0 0 1 1087
11 5 7 1 0 0 0 0 0 0 1 992
18 4 7 1 0 0 0 0 0 0 1 283
8 5 7 1 1 0 0 0 0 0 1 191
14 4 7 1 0 0 0 0 0 0 1 264
19 4 7 1 0 0 0 0 0 0 1 1075
11 4 7 1 0 0 0 0 0 0 1 1062
9 5 7 1 0 0 0 0 0 0 1 1130
12 4 9 0 1 1 0 0 0 0 0 88
12 5 9 0 1 1 0 0 0 0 0 98
16 4 7 1 0 0 0 0 0 0 1 295
7 5 8 1 0 0 0 0 0 0 1 256
15 5 6 1 0 0 0 0 0 0 1 1358
20 4 8 1 0 0 0 0 0 0 1 274
6 4 8 1 0 0 0 0 0 0 1 196
21 4 8 1 0 0 0 0 0 0 1 217
15 4 7 0 1 0 0 0 0 0 1 277
19 5 8 1 0 0 0 0 0 0 1 206
20 5 7 1 0 0 0 0 0 0 1 293
21 5 7 2 0 0 0 0 0 0 1 1059
13 5 8 0 1 0 0 0 0 0 1 207
17 5 8 0 1 0 0 0 0 0 1 207
13 4 9 0 1 0 0 0 0 0 1 235
6 5 6 1 0 0 0 0 0 0 1 344
14 4 8 0 1 0 0 0 0 0 1 196
9 4 6 1 0 0 0 0 0 0 1 201
18 5 9 0 1 0 0 0 0 0 1 285
8 4 9 0 1 0 0 0 0 0 1 270
10 4 8 1 0 0 0 0 0 0 1 274
17 4 10 0 1 0 0 0 0 0 1 295
7 4 7 1 0 0 0 0 0 0 1 272
19 4 8 1 0 0 0 0 0 0 1 225
14 5 8 0 1 0 0 0 0 0 1 261
11 5 8 1 0 0 0 0 0 0 1 256
11 4 8 0 1 0 0 0 0 0 1 222
8 5 8 0 1 0 0 0 0 0 1 261
9 5 8 1 0 0 0 0 0 0 1 240
7 5 9 0 1 0 0 0 0 0 1 231
16 4 8 0 1 0 0 0 0 0 1 255
21 4 9 1 0 0 0 0 0 0 1 231
20 4 9 0 1 0 0 0 0 0 1 250
18 4 8 0 1 0 0 0 0 0 1 334
6 2 9 0 0 0 1 0 0 0 0 849
19 5 9 0 1 0 0 0 0 0 1 221
6 4 9 0 1 0 0 0 0 0 1 283
15 2 9 1 0 0 0 0 0 0 1 923
12 2 9 1 0 0 0 0 0 0 1 1107
15 3 9 1 0 0 0 0 0 0 1 1020
10 5 4 1 0 0 0 0 0 0 0 233
21 5 8 1 0 0 0 0 0 0 1 279
12 3 9 1 0 0 0 0 0 0 1 1038
13 2 9 1 0 0 0 0 0 0 1 993
10 4 9 0 1 0 0 0 0 0 1 227
8 2 9 1 0 0 0 0 0 0 1 1066
14 3 10 1 0 0 0 0 0 0 1 1032
9 4 7 0 1 0 0 0 0 0 1 280
19 4 9 0 1 0 0 0 0 0 1 238
14 2 7 1 0 0 0 0 0 0 1 1112
8 3 7 1 0 0 0 0 0 0 1 957
6 2 10 1 0 0 0 0 0 0 1 168
16 2 9 1 0 0 0 0 0 0 1 1096
9 5 9 0 1 0 0 0 0 0 1 255
13 3 10 1 0 0 0 0 0 0 1 1052
7 3 9 1 0 0 0 0 0 0 1 982
17 3 8 1 0 0 0 0 0 0 1 1186
11 2 9 1 0 0 0 0 0 0 1 882
7 2 10 1 0 0 0 0 0 0 1 978
12 3 10 1 0 0 0 0 0 0 1 156
16 3 9 1 0 0 0 0 0 0 1 1267
18 3 7 1 0 0 0 0 0 0 1 1244
15 3 10 1 0 0 0 0 0 0 1 199
20 2 8 1 0 0 0 0 0 0 1 1102
18 2 8 2 0 0 0 0 0 0 1 1350
12 2 10 1 0 0 0 0 0 0 1 220
6 3 9 1 0 0 0 0 0 0 1 1056
21 4 10 0 1 0 0 0 0 0 1 308
10 2 9 1 0 0 0 0 0 0 1 1035
20 3 10 1 0 0 0 0 0 0 1 1036
8 2 10 1 0 0 0 0 0 0 1 204
17 2 9 1 0 0 0 0 0 0 1 1197
11 3 10 1 0 0 0 0 0 0 1 913
19 3 11 1 0 0 0 0 0 0 1 941
14 2 8 1 0 0 0 0 0 0 1 190
13 2 10 1 0 0 0 0 0 0 1 235
15 2 10 1 0 0 0 0 0 0 1 299
14 3 11 1 0 0 0 0 0 0 1 218
10 3 10 1 0 0 0 0 0 0 1 1014
17 3 9 1 0 0 0 0 0 0 1 180
19 2 10 1 0 0 0 0 0 0 1 1040
16 2 10 1 0 0 0 0 0 0 1 207
8 3 8 1 1 0 0 0 0 0 1 256
13 3 11 1 0 0 0 0 0 0 1 218
7 2 11 1 0 0 0 0 0 0 1 187
11 2 10 1 0 0 0 0 0 0 1 216
9 3 10 1 0 0 0 0 0 0 1 978
12 3 11 0 1 0 0 0 0 0 1 199
12 2 11 0 1 0 0 0 0 0 1 174
6 2 11 1 0 0 0 0 0 0 1 282
7 3 10 1 0 0 0 0 0 0 1 273
21 2 11 1 0 0 0 0 0 0 1 1027
15 3 11 1 1 0 0 0 0 0 1 246
21 3 10 1 0 0 0 0 0 0 1 996
16 3 10 0 1 0 0 0 0 0 1 258
10 2 10 1 0 0 0 0 0 0 1 223
20 2 9 1 0 0 0 0 0 0 1 267
18 3 8 1 0 0 0 0 0 0 1 285
18 2 9 0 1 0 0 0 0 0 1 272
11 3 11 1 0 0 0 0 0 0 1 232
8 2 11 0 1 0 0 0 0 0 1 241
6 3 10 0 1 0 0 0 0 0 1 276
13 2 11 0 1 0 0 0 0 0 1 224
14 3 12 0 1 0 0 0 0 0 1 225
9 2 11 2 0 0 0 0 0 0 1 1194
17 2 10 0 1 0 0 0 0 0 1 265
14 2 9 0 1 0 0 0 0 0 1 247
15 2 11 0 1 0 0 0 0 0 1 241
19 3 12 1 0 0 0 0 0 0 1 254
20 3 11 1 1 0 0 0 0 0 1 279
10 3 11 1 0 0 0 0 0 0 1 238
17 3 10 0 1 0 0 0 0 0 1 222
20 2 10 0 0 1 0 0 0 0 0 79
19 2 11 1 0 0 0 0 0 0 1 239
6 2 12 0 1 0 0 0 0 0 1 204
9 3 11 1 0 0 0 0 0 0 1 209
7 2 12 0 1 0 0 0 0 0 1 237
16 2 11 0 1 0 0 0 0 0 1 303
11 2 11 0 1 0 0 0 0 0 1 268
21 2 12 1 0 0 0 0 0 0 1 215
13 3 12 0 1 0 0 0 0 0 1 295
9 2 12 1 0 0 0 0 0 0 1 155
7 3 11 0 1 0 0 0 0 0 1 268
10 2 11 0 1 0 0 0 0 0 1 252
21 3 11 1 0 0 0 0 0 0 1 269
8 5 9 1 0 0 0 0 0 0 1 866
12 4 10 1 0 0 0 0 0 0 1 1075
14 4 9 1 0 0 0 0 0 0 1 959
11 3 12 0 2 0 0 0 0 0 1 262
8 4 10 1 0 0 0 0 0 0 1 953
17 4 11 1 0 0 0 0 0 0 1 940
13 4 10 1 0 0 0 0 0 0 1 990
12 5 10 1 0 0 0 0 0 0 1 1121
19 3 13 0 1 0 0 0 0 0 1 253
19 2 12 0 1 0 0 0 0 0 1 221
15 4 8 1 0 0 0 0 0 0 1 1104
16 4 9 1 0 0 0 0 0 0 1 890
17 5 9 1 0 0 0 0 0 0 1 1032
15 5 7 1 0 0 0 0 0 0 1 1136
18 4 9 1 0 0 0 0 0 0 1 912
6 5 7 1 0 0 0 0 0 0 1 1055
9 3 12 0 1 0 0 0 0 0 1 254
18 5 10 1 0 0 0 0 0 0 1 1066
21 2 13 0 1 0 0 0 0 0 1 213
20 4 10 1 0 0 0 0 0 0 1 952
13 5 9 1 0 0 0 0 0 0 1 1129
14 5 9 1 0 0 0 0 0 0 1 1038
6 4 10 1 0 0 0 0 0 0 1 937
7 4 8 1 0 0 0 0 0 0 1 1075
9 2 13 0 1 0 0 0 0 0 1 237
10 5 5 1 0 0 0 0 0 0 1 912
12 4 11 1 0 0 0 0 0 0 1 221
17 4 12 1 0 0 0 0 0 0 1 193
8 5 10 1 0 0 0 0 0 0 1 249
14 4 10 1 0 0 0 0 0 0 1 220
21 3 12 0 1 0 0 0 0 0 1 266
7 5 10 1 0 0 0 0 0 0 1 1112
19 4 10 1 0 0 0 0 0 0 1 924
12 5 11 0 1 0 0 0 0 0 1 229
8 4 11 1 0 0 0 0 0 0 1 277
15 4 9 1 0 0 0 0 0 0 1 233
17 5 10 1 0 0 0 0 0 0 1 230
15 5 8 1 0 0 0 0 0 0 1 230
18 4 10 1 0 0 0 0 0 0 1 205
11 5 9 1 0 0 0 0 0 0 1 1197
6 5 8 1 0 0 0 0 0 0 1 213
13 4 11 1 0 0 0 0 0 0 1 292
11 4 9 1 0 0 0 0 0 0 1 1220
16 4 10 1 0 0 0 0 0 0 1 290
13 5 10 1 0 0 0 0 0 0 1 215
14 5 10 1 0 0 0 0 0 0 1 212
19 5 10 1 0 0 0 0 0 0 1 1147
9 5 10 1 0 0 0 0 0 0 1 981
17 5 11 0 1 1 0 0 0 0 0 87
6 4 11 1 0 0 0 0 0 0 1 227
21 4 11 1 0 0 0 0 0 0 1 900
18 5 11 1 0 0 0 0 0 0 1 264
10 4 10 1 0 0 0 0 0 0 1 1093
7 4 9 1 0 0 0 0 0 0 1 237
20 4 11 1 0 0 0 0 0 0 1 265
9 4 8 1 0 0 0 0 0 0 1 1081
10 5 6 1 0 0 0 0 0 0 1 257
17 4 13 0 1 0 0 0 0 0 1 227
21 5 9 1 0 0 0 0 0 0 1 1169
14 4 11 1 1 0 0 0 0 0 1 228
20 5 8 1 0 0 0 0 0 0 1 1458
8 5 11 0 1 0 0 0 0 0 1 260
7 5 11 0 1 0 0 0 0 0 1 259
19 4 11 1 0 0 0 0 0 0 1 260
9 5 11 1 0 0 0 0 0 0 1 146
6 5 9 0 1 0 0 0 0 0 1 216
18 4 11 1 1 0 0 0 0 0 1 244
13 4 12 1 0 0 0 0 0 0 1 233
15 4 10 0 1 0 0 0 0 0 1 276
6 4 12 0 1 0 0 0 0 0 1 193
18 5 12 0 1 0 0 0 0 0 1 190
11 5 10 1 0 0 0 0 0 0 1 277
21 4 12 1 0 0 0 0 0 0 1 201
13 5 11 0 1 0 0 0 0 0 1 238
7 4 10 0 1 0 0 0 0 0 1 195
11 4 10 1 0 0 0 0 0 0 1 281
15 5 9 0 1 0 0 0 0 0 1 319
18 4 12 0 1 1 0 0 0 0 0 66
8 4 12 0 1 0 0 0 0 0 1 326
10 4 11 0 1 0 0 0 0 0 1 226
20 4 12 0 1 0 0 0 0 0 1 226
18 5 13 0 0 1 0 0 0 0 0 56
9 4 9 1 0 0 0 0 0 0 1 224
12 2 12 1 0 0 0 0 0 0 1 995
14 5 11 0 1 0 0 0 0 0 1 300
19 5 11 1 0 0 0 0 0 0 1 302
12 3 12 1 0 0 0 0 0 0 1 1030
21 5 10 1 0 0 0 0 0 0 1 235
20 5 9 0 1 0 0 0 0 0 1 238
17 3 11 1 0 0 0 0 0 0 1 893
10 5 7 0 1 0 0 0 0 0 1 274
17 2 11 1 0 0 0 0 0 0 1 943
16 2 12 1 0 0 0 0 0 0 1 859
19 4 12 0 1 0 0 0 0 0 1 263
21 4 13 0 1 0 0 0 0 0 1 192
16 3 11 1 0 0 0 0 0 0 1 1097
11 5 11 0 1 0 0 0 0 0 1 228
9 5 12 0 1 0 0 0 0 0 1 289
7 3 12 1 0 0 0 0 0 0 1 874
12 2 13 1 0 0 0 0 0 0 1 195
14 3 13 1 0 0 0 0 0 0 1 1074
11 4 11 0 1 0 0 0 0 0 1 239
6 3 11 1 0 0 0 0 0 0 1 1107
15 3 12 1 0 0 0 0 0 0 1 1159
7 2 13 2 0 0 0 0 0 0 1 1000
9 4 10 0 1 0 0 0 0 0 1 228
8 3 9 1 0 0 0 0 0 0 1 1284
6 2 13 1 0 0 0 0 0 0 1 1034
15 2 12 1 0 0 0 0 0 0 1 1107
8 2 12 1 0 0 0 0 0 0 1 1139
10 3 12 1 0 0 0 0 0 0 1 1101
19 5 12 0 1 0 0 0 0 0 1 236
21 5 11 0 1 0 0 0 0 0 1 213
18 3 9 1 0 0 0 0 0 0 1 1177
17 3 12 1 0 0 0 0 0 0 1 220
16 2 13 1 0 0 0 0 0 0 1 175
12 3 13 1 0 0 0 0 0 0 1 272
14 2 10 1 0 0 0 0 0 0 1 1171
20 2 11 1 0 0 0 0 0 0 1 1143
10 2 12 2 0 0 0 0 0 0 1 1015
17 2 12 1 0 0 0 0 0 0 1 258
18 2 10 1 0 0 0 0 0 0 1 1247
13 3 13 1 0 0 0 0 0 0 1 1077
20 3 12 1 0 0 0 0 0 0 1 1226
13 2 12 1 0 0 0 0 0 0 1 1276
9 3 13 1 0 0 0 0 0 0 1 935
7 3 13 1 0 0 0 0 0 0 1 227
12 2 14 0 2 0 0 0 0 0 1 228
16 3 12 2 0 0 0 0 0 0 1 271
10 3 13 1 0 0 0 0 0 0 1 186
14 3 14 1 0 0 0 0 0 0 1 243
6 2 14 1 1 0 0 0 0 0 1 199
6 3 12 1 0 0 0 0 0 0 1 239
19 2 13 1 0 0 0 0 0 0 1 1048
15 3 13 1 0 0 0 0 0 0 1 243
8 2 13 1 0 0 0 0 0 0 1 218
19 3 14 1 0 0 0 0 0 0 1 1077
11 3 13 3 0 0 0 0 0 0 1 1113
7 2 14 1 0 0 0 0 0 0 1 263
15 2 13 1 1 0 0 0 0 0 1 248
9 2 14 1 0 0 0 0 0 0 1 978
17 3 13 1 0 0 0 0 0 0 1 219
14 2 11 1 1 0 0 0 0 0 1 206
8 3 10 1 0 0 0 0 0 0 1 273
16 3 13 0 1 1 0 0 0 0 0 92
10 2 13 1 0 0 0 0 0 0 1 198
6 3 13 0 1 1 0 0 0 0 0 83
21 3 13 1 0 0 0 0 0 0 1 944
20 3 13 1 0 0 0 0 0 0 1 173
11 2 12 1 0 0 0 0 0 0 1 1281
15 2 14 0 1 1 0 0 0 0 0 57
16 2 14 0 1 0 0 0 0 0 1 259
18 3 10 1 0 0 0 0 0 0 1 301
13 3 14 1 0 0 0 0 0 0 1 233
21 2 14 1 0 0 0 0 0 0 1 1102
18 2 11 1 1 0 0 0 0 0 1 241
20 2 12 1 0 0 0 0 0 0 1 276
17 2 13 0 1 0 0 0 0 0 1 256
13 2 13 1 0 0 0 0 0 0 1 222
9 3 14 1 0 0 0 0 0 0 1 216
18 3 11 0 1 1 0 0 0 0 0 83
19 2 14 1 0 0 0 0 0 0 1 211
6 2 15 0 1 0 0 0 0 0 1 232
10 3 14 1 0 0 0 0 0 0 1 239
11 3 14 1 0 0 0 0 0 0 1 201
8 2 14 0 1 0 0 0 0 0 1 219
17 3 14 0 1 0 0 0 0 0 1 188
19 3 15 1 0 0 0 0 0 0 1 220
7 3 14 0 1 0 0 0 0 0 1 292
7 2 15 0 1 0 0 0 0 0 1 241
8 3 11 0 1 0 0 0 0 0 1 218
14 3 15 0 1 0 0 0 0 0 1 298
12 5 12 1 0 0 0 0 0 0 1 1136
12 4 12 1 0 0 0 0 0 0 1 1204
21 2 15 0 1 0 0 0 0 0 1 185
20 3 14 0 1 0 0 0 0 0 1 228
9 2 15 1 0 0 0 0 0 0 1 277
16 4 11 1 0 0 0 0 0 0 1 1070
21 3 14 0 2 0 0 0 0 0 1 241
10 2 14 0 1 0 0 0 0 0 1 259
11 2 13 1 0 0 0 0 0 0 1 245
13 2 14 0 1 0 0 0 0 0 1 206
13 3 15 0 1 0 0 0 0 0 1 271
15 5 10 1 0 0 0 0 0 0 1 901
11 3 15 0 1 0 0 0 0 0 1 200
15 4 11 1 0 0 0 0 0 0 1 958
9 3 15 0 1 0 0 0 0 0 1 265
6 5 10 1 0 0 0 0 0 0 1 1001
20 2 13 0 1 0 0 0 0 0 1 306
6 4 13 1 0 0 0 0 0 0 1 965
19 2 15 0 1 0 0 0 0 0 1 229
11 2 14 0 1 1 0 0 0 0 0 115
17 5 12 1 0 0 0 0 0 0 1 1187
17 4 14 1 0 0 0 0 0 0 1 1126
14 5 12 1 0 0 0 0 0 0 1 929
14 4 12 1 0 0 0 0 0 0 1 1134
16 5 8 1 0 0 0 0 0 0 0 991
12 5 13 1 0 0 0 0 0 0 1 211
16 4 12 1 0 0 0 0 0 0 1 193
19 3 16 0 1 0 0 0 0 0 1 277
8 5 12 1 0 0 0 0 0 0 1 1129
9 2 16 0 1 0 0 0 0 0 1 216
18 5 14 1 0 0 0 0 0 0 1 1011
7 5 12 1 0 0 0 0 0 0 1 1133
8 4 13 1 0 0 0 0 0 0 1 1035
12 4 13 1 0 0 0 0 0 0 1 265
18 4 13 1 0 0 0 0 0 0 1 1094
6 4 14 1 0 0 0 0 0 0 1 174
6 5 11 1 0 0 0 0 0 0 1 183
10 5 8 1 0 0 0 0 0 0 1 1029
15 4 12 1 0 0 0 0 0 0 1 212
15 5 11 1 0 0 0 0 0 0 1 226
21 5 12 1 0 0 0 0 0 0 1 842
10 4 12 1 0 0 0 0 0 0 1 1143
13 5 12 1 0 0 0 0 0 0 1 1191
9 5 13 1 0 0 0 0 0 0 1 989
17 4 15 0 2 0 0 0 0 0 1 233
17 5 13 1 0 0 0 0 0 0 1 256
12 5 14 0 1 0 0 0 0 0 1 214
14 5 13 1 0 0 0 0 0 0 1 238
16 5 9 1 0 0 0 0 0 0 1 228
20 4 13 1 0 0 0 0 0 0 1 1205
21 4 14 1 0 0 0 0 0 0 1 1056
20 5 10 1 0 0 0 0 0 0 1 1138
9 4 11 1 0 0 0 0 0 0 1 979
7 5 13 1 0 0 0 0 0 0 1 196
8 5 13 1 0 0 0 0 0 0 1 236
16 4 13 1 0 0 0 0 0 0 1 246
18 5 15 1 0 0 0 0 0 0 1 223
12 4 14 0 1 0 0 0 0 0 1 194
17 5 14 0 0 1 0 0 0 0 0 52
13 4 13 1 0 0 0 0 0 0 1 1326
14 4 13 1 0 0 0 0 0 0 1 292
11 4 12 1 0 0 0 0 0 0 1 1039
8 4 14 1 0 0 0 0 0 0 1 270
6 5 12 0 1 0 0 0 0 0 1 203
19 4 13 1 0 0 0 0 0 0 1 1143
6 4 15 0 1 0 0 0 0 0 1 209
21 5 13 2 0 0 0 0 0 0 1 198
10 5 9 1 1 0 0 0 0 0 1 209
19 5 13 1 0 0 0 0 0 0 1 1055
18 4 14 2 0 0 0 0 0 0 1 252
13 5 13 1 0 0 0 0 0 0 1 192
15 4 13 0 1 0 0 0 0 0 1 244
11 5 12 1 0 0 0 0 0 0 1 1196
10 4 13 0 1 0 0 0 0 0 1 248
21 4 15 1 0 0 0 0 0 0 1 181
20 5 11 1 0 0 0 0 0 0 1 182
15 5 12 0 1 0 0 0 0 0 1 283
6 3 14 0 0 0 1 0 0 0 0 845
8 5 14 0 1 0 0 0 0 0 1 182
11 4 13 1 0 0 0 0 0 0 1 161
6 2 16 0 0 0 1 0 0 0 0 745
20 4 14 1 0 0 0 0 0 0 1 255
14 5 14 0 1 0 0 0 0 0 1 270
8 4 15 0 1 0 0 0 0 0 1 178
7 5 14 0 1 0 0 0 0 0 1 255
9 5 14 1 0 0 0 0 0 0 1 317
14 4 14 0 1 0 0 0 0 0 1 245
19 4 14 1 0 0 0 0 0 0 1 212
18 5 16 0 1 0 0 0 0 0 1 271
9 4 12 1 0 0 0 0 0 0 1 299
12 2 15 1 0 0 0 0 0 0 1 1080
21 5 14 1 0 0 0 0 0 0 1 213
13 4 14 0 1 0 0 0 0 0 1 274
12 3 14 1 0 0 0 0 0 0 1 1216
18 4 15 0 1 0 0 0 0 0 1 207
17 2 14 1 0 0 0 0 0 0 1 946
19 5 14 1 0 0 0 0 0 0 1 236
13 5 14 0 1 0 0 0 0 0 1 228
10 5 10 0 1 0 0 0 0 0 1 269
21 5 15 0 2 1 0 0 0 0 0 60
16 2 15 1 0 0 0 0 0 0 1 1034
17 3 15 1 0 0 0 0 0 0 1 905
11 5 13 1 0 0 0 0 0 0 1 256
11 4 14 1 0 0 0 0 0 0 1 221
6 3 15 1 0 0 0 0 0 0 1 242
15 2 15 1 0 0 0 0 0 0 1 1085
20 5 12 0 1 0 0 0 0 0 1 263
20 4 15 0 1 0 0 0 0 0 1 194
21 4 16 0 1 0 0 0 0 0 1 266
6 2 17 1 0 0 0 0 0 0 1 220
14 3 16 1 0 0 0 0 0 0 1 905
16 3 14 1 0 0 0 0 0 0 1 1131
9 5 15 0 1 0 0 0 0 0 1 191
18 3 12 1 0 0 0 0 0 0 1 1016
14 2 12 1 0 0 0 0 0 0 1 1165
7 3 15 1 0 0 0 0 0 0 1 1005
15 3 14 1 0 0 0 0 0 0 1 1247
18 2 12 1 0 0 0 0 0 0 1 1127
19 4 15 1 1 0 0 0 0 0 1 226
17 2 15 1 0 0 0 0 0 0 1 183
10 2 15 2 0 0 0 0 0 0 1 941
11 4 15 0 0 1 0 0 0 0 0 105
12 2 16 2 0 0 0 0 0 0 1 244
9 4 13 0 1 0 0 0 0 0 1 252
8 3 12 1 0 0 0 0 0 0 1 1024
10 3 15 1 0 0 0 0 0 0 1 1091
19 4 16 0 1 1 0 0 0 0 0 55
17 3 16 1 0 0 0 0 0 0 1 194
15 2 16 1 0 0 0 0 0 0 1 163
12 3 15 1 0 0 0 0 0 0 1 278
8 2 15 1 0 0 0 0 0 0 1 1119
19 5 15 0 1 0 0 0 0 0 1 260
7 2 16 1 0 0 0 0 0 0 1 1092
13 2 15 1 0 0 0 0 0 0 1 1002
13 3 16 1 0 0 0 0 0 0 1 974
6 2 18 1 0 0 0 0 0 0 1 202
11 5 14 0 1 0 0 0 0 0 1 226
6 3 16 1 0 0 0 0 0 0 1 225
14 3 17 1 0 0 0 0 0 0 1 216
16 2 16 1 0 0 0 0 0 0 1 293
16 3 15 1 0 0 0 0 0 0 1 222
20 2 14 1 0 0 0 0 0 0 1 1002
9 3 16 1 0 0 0 0 0 0 1 1036
20 3 15 1 0 0 0 0 0 0 1 1158
18 3 13 1 0 0 0 0 0 0 1 261
10 2 16 1 0 0 0 0 0 0 1 204
10 3 16 1 0 0 0 0 0 0 1 173
14 2 13 1 0 0 0 0 0 0 1 265
15 3 15 1 1 0 0 0 0 0 1 245
7 3 16 1 0 0 0 0 0 0 1 259
21 2 16 1 0 0 0 0 0 0 1 1190
18 2 13 1 0 0 0 0 0 0 1 259
12 2 17 0 1 0 0 0 0 0 1 249
8 2 16 1 0 0 0 0 0 0 1 195
21 3 15 1 0 0 0 0 0 0 1 1219
9 2 17 1 0 0 0 0 0 0 1 1015
17 2 16 1 0 0 0 0 0 0 1 295
15 2 17 0 1 0 0 0 0 0 1 219
8 3 13 1 0 0 0 0 0 0 1 261
7 2 17 1 0 0 0 0 0 0 1 214
13 3 17 1 0 0 0 0 0 0 1 210
11 2 15 1 0 0 0 0 0 0 1 1137
17 3 17 0 1 0 0 0 0 0 1 264
14 3 18 1 1 0 0 0 0 0 1 203
11 3 16 1 0 0 0 0 0 0 1 1188
19 2 16 1 0 0 0 0 0 0 1 1173
6 2 19 1 0 0 0 0 0 0 1 254
14 2 14 0 1 0 0 0 0 0 1 156
12 3 16 0 1 0 0 0 0 0 1 300
6 3 17 1 0 0 0 0 0 0 1 255
16 3 16 0 1 0 0 0 0 0 1 231
19 3 17 1 0 0 0 0 0 0 1 1166
13 2 16 1 0 0 0 0 0 0 1 316
20 3 16 1 0 0 0 0 0 0 1 228
9 3 17 1 0 0 0 0 0 0 1 252
16 2 17 0 1 0 0 0 0 0 1 298
10 3 17 1 0 0 0 0 0 0 1 236
8 3 14 0 1 0 0 0 0 0 1 166
21 2 17 1 0 0 0 0 0 0 1 228
21 3 16 1 0 0 0 0 0 0 1 187
8 2 17 0 1 0 0 0 0 0 1 204
18 2 14 0 1 0 0 0 0 0 1 244
18 3 14 0 1 0 0 0 0 0 1 293
10 2 17 1 1 0 0 0 0 0 1 303
10 3 18 0 1 1 0 0 0 0 0 67
13 3 18 0 1 0 0 0 0 0 1 219
20 2 15 1 0 0 0 0 0 0 1 359
11 2 16 1 0 0 0 0 0 0 1 215
11 3 17 1 0 0 0 0 0 0 1 206
7 3 17 0 2 0 0 0 0 0 1 324
15 5 13 1 0 0 0 0 0 0 1 910
12 4 15 1 0 0 0 0 0 0 1 1073
9 2 18 1 0 0 0 0 0 0 1 294
14 3 19 0 1 0 0 0 0 0 1 242
20 3 17 0 1 0 0 0 0 0 1 171
7 2 18 0 1 0 0 0 0 0 1 305
16 5 10 1 0 0 0 0 0 0 1 1159
16 4 14 1 0 0 0 0 0 0 1 1135
12 5 15 1 0 0 0 0 0 0 1 1171
19 2 17 1 0 0 0 0 0 0 1 278
15 4 14 1 0 0 0 0 0 0 1 1026
21 3 17 0 1 0 0 0 0 0 1 186
13 2 17 0 1 0 0 0 0 0 1 242
19 3 18 1 0 0 0 0 0 0 1 246
17 5 15 1 0 0 0 0 0 0 1 1152
9 3 18 0 1 0 0 0 0 0 1 263
11 2 17 0 1 0 0 0 0 0 1 175
21 2 18 0 1 0 0 0 0 0 1 257
18 4 16 1 0 0 0 0 0 0 1 956
6 4 16 1 0 0 0 0 0 0 1 1203
17 4 16 1 0 0 0 0 0 0 1 1325
12 4 16 1 0 0 0 0 0 0 1 193
8 4 16 1 0 0 0 0 0 0 1 1040
14 5 15 1 0 0 0 0 0 0 1 1049
9 2 19 0 1 0 0 0 0 0 1 205
6 5 13 1 0 0 0 0 0 0 1 1244
19 2 18 0 1 0 0 0 0 0 1 172
11 3 18 0 1 0 0 0 0 0 1 250
14 4 15 1 0 0 0 0 0 0 1 1047
16 5 11 1 0 0 0 0 0 0 1 193
20 2 16 0 1 0 0 0 0 0 1 280
7 5 15 1 0 0 0 0 0 0 1 1087
10 4 14 1 0 0 0 0 0 0 1 1175
18 5 17 1 0 0 0 0 0 0 1 1061
8 5 15 1 0 0 0 0 0 0 1 1173
15 4 15 1 0 0 0 0 0 0 1 206
15 5 14 1 0 0 0 0 0 0 1 282
12 5 16 1 0 0 0 0 0 0 1 224
16 4 15 1 0 0 0 0 0 0 1 229
10 5 11 1 0 0 0 0 0 0 1 1015
13 5 15 1 0 0 0 0 0 0 1 1027
17 5 16 1 0 0 0 0 0 0 1 211
13 4 15 1 0 0 0 0 0 0 1 1084
20 4 16 1 0 0 0 0 0 0 1 1009
19 3 19 0 1 0 0 0 0 0 1 272
6 4 17 1 0 0 0 0 0 0 1 176
12 4 17 0 1 0 0 0 0 0 1 182
18 4 17 1 0 0 0 0 0 0 1 214
11 5 15 1 0 0 0 0 0 0 1 851
10 4 15 1 0 0 0 0 0 0 1 171
21 4 17 1 0 0 0 0 0 0 1 1078
7 4 11 1 0 0 0 0 0 0 1 2768
14 5 16 1 1 0 0 0 0 0 1 229
8 4 17 1 0 0 0 0 0 0 1 244
17 4 17 0 1 0 0 0 0 0 1 254
18 5 18 0 1 0 0 0 0 0 1 187
11 4 16 1 0 0 0 0 0 0 1 1013
21 5 16 1 0 0 0 0 0 0 1 1175
20 5 13 1 0 0 0 0 0 0 1 1110
7 5 16 1 0 0 0 0 0 0 1 209
6 5 14 1 0 0 0 0 0 0 1 238
9 4 14 1 0 0 0 0 0 0 1 1008
9 5 16 1 0 0 0 0 0 0 1 1099
16 5 12 0 1 0 0 0 0 0 1 237
10 5 12 1 1 0 0 0 0 0 1 191
14 4 16 0 1 0 0 0 0 0 1 245
15 5 15 0 1 0 0 0 0 0 1 209
19 5 16 1 0 0 0 0 0 0 1 987
16 4 16 0 1 0 0 0 0 0 1 222
12 5 17 0 1 0 0 0 0 0 1 231
13 5 16 1 0 0 0 0 0 0 1 219
13 4 16 1 0 0 0 0 0 0 1 222
17 5 17 0 2 0 0 0 0 0 1 229
15 4 16 0 1 0 0 0 0 0 1 258
8 5 16 1 0 0 0 0 0 0 1 262
19 4 17 1 0 0 0 0 0 0 1 1102
6 4 18 0 1 0 0 0 0 0 1 225
11 5 16 1 0 0 0 0 0 0 1 197
20 4 17 1 0 0 0 0 0 0 1 251
10 4 16 0 1 0 0 0 0 0 1 229
7 4 12 0 1 0 0 0 0 0 1 236
21 5 17 1 0 0 0 0 0 0 1 221
18 4 18 0 1 0 0 0 0 0 1 274
13 5 17 0 1 0 0 0 0 0 1 171
21 4 18 1 0 0 0 0 0 0 1 261
11 4 17 1 0 0 0 0 0 0 1 237
8 4 18 0 1 0 0 0 0 0 1 255
20 5 14 1 0 0 0 0 0 0 1 255
7 5 17 0 2 0 0 0 0 0 1 261
19 5 17 1 0 0 0 0 0 0 1 221
9 4 15 1 0 0 0 0 0 0 1 256
17 2 17 1 0 0 0 0 0 0 1 1010
8 5 17 0 1 0 0 0 0 0 1 201
9 5 17 1 0 0 0 0 0 0 1 267
13 4 17 0 1 0 0 0 0 0 1 221
10 5 13 0 1 0 0 0 0 0 1 266
12 2 18 1 0 0 0 0 0 0 1 1054
20 4 18 1 0 0 0 0 0 0 1 162
12 3 17 1 0 0 0 0 0 0 1 968
21 5 18 0 0 1 0 0 0 0 0 102
17 3 18 1 0 0 0 0 0 0 1 1027
15 3 16 1 0 0 0 0 0 0 1 1124
15 2 18 1 0 0 0 0 0 0 1 1074
16 3 17 1 0 0 0 0 0 0 1 993
19 4 18 1 0 0 0 0 0 0 1 233
21 4 19 0 0 1 0 0 0 0 0 140
18 2 15 1 0 0 0 0 0 0 1 911
16 2 18 1 0 0 0 0 0 0 1 954
14 2 15 1 0 0 0 0 0 0 1 1041
11 5 17 0 1 0 0 0 0 0 1 249
14 3 20 1 0 0 0 0 0 0 1 861
18 3 15 1 0 0 0 0 0 0 1 952
11 4 18 0 1 0 0 0 0 0 1 205
6 2 20 1 0 0 0 0 0 0 1 1095
6 3 18 1 0 0 0 0 0 0 1 1099
13 3 19 1 0 0 0 0 0 0 1 957
10 3 19 1 0 0 0 0 0 0 1 967
7 2 19 1 0 0 0 0 0 0 1 887
10 2 18 1 0 0 0 0 0 0 1 986
19 5 18 0 1 0 0 0 0 0 1 212
9 4 16 0 1 0 0 0 0 0 1 222
17 2 18 1 0 0 0 0 0 0 1 220
20 5 15 0 1 0 0 0 0 0 1 267
7 3 18 1 0 0 0 0 0 0 1 998
20 4 19 0 1 0 0 0 0 0 1 223
12 2 19 1 0 0 0 0 0 0 1 247
17 3 19 1 0 0 0 0 0 0 1 224
8 3 15 1 0 0 0 0 0 0 1 1127
16 2 19 1 0 0 0 0 0 0 1 197
13 2 18 1 0 0 0 0 0 0 1 967
18 2 16 1 0 0 0 0 0 0 1 228
12 3 18 1 0 0 0 0 0 0 1 291
6 2 21 1 0 0 0 0 0 0 1 170
16 3 18 1 0 0 0 0 0 0 1 270
21 3 18 1 0 0 0 0 0 0 1 1031
18 3 16 1 1 0 0 0 0 0 1 229
14 2 16 1 0 0 0 0 0 0 1 267
13 3 20 1 0 0 0 0 0 0 1 217
7 2 20 1 0 0 0 0 0 0 1 217
21 2 19 1 0 0 0 0 0 0 1 999
10 2 19 1 0 0 0 0 0 0 1 227
15 3 17 2 0 0 0 0 0 0 1 376
6 3 19 1 0 0 0 0 0 0 1 250
14 3 21 0 1 0 0 0 0 0 1 290
10 3 20 1 0 0 0 0 0 0 1 249
20 2 17 1 0 0 0 0 0 0 1 927
9 3 19 2 0 0 0 0 0 0 1 1035
18 3 17 0 1 1 0 0 0 0 0 66
8 2 18 1 0 0 0 0 0 0 1 1279
17 3 20 0 1 0 0 0 0 0 1 188
14 2 17 0 0 1 0 0 0 0 0 83
15 2 19 1 0 0 0 0 0 0 1 405
19 2 19 1 0 0 0 0 0 0 1 974
19 3 20 1 0 0 0 0 0 0 1 847
17 2 19 0 1 0 0 0 0 0 1 259
11 3 19 1 0 0 0 0 0 0 1 984
12 2 20 0 1 0 0 0 0 0 1 210
6 3 20 0 1 1 0 0 0 0 0 73
7 3 19 1 0 0 0 0 0 0 1 249
9 2 20 1 0 0 0 0 0 0 1 1026
11 2 18 1 0 0 0 0 0 0 1 1116
14 3 22 0 0 1 0 0 0 0 0 95
8 3 16 1 0 0 0 0 0 0 1 248
20 3 18 1 0 0 0 0 0 0 1 1244
21 3 19 1 0 0 0 0 0 0 1 178
18 2 17 0 1 0 0 0 0 0 1 236
12 3 19 0 1 0 0 0 0 0 1 240
13 2 19 0 1 0 0 0 0 0 1 261
16 2 20 0 1 0 0 0 0 0 1 297
16 3 19 0 1 0 0 0 0 0 1 252
6 2 22 0 1 0 0 0 0 0 1 264
13 3 21 0 1 0 0 0 0 0 1 230
20 2 18 1 0 0 0 0 0 0 1 210
7 2 21 0 1 0 0 0 0 0 1 240
10 2 20 0 1 0 0 0 0 0 1 237
21 2 20 1 1 0 0 0 0 0 1 246
10 3 21 0 1 0 0 0 0 0 1 231
11 3 20 1 0 0 0 0 0 0 1 185
19 2 20 1 0 0 0 0 0 0 1 203
17 5 18 1 0 0 0 0 0 0 1 888
19 3 21 1 0 0 0 0 0 0 1 214
9 3 20 1 0 0 0 0 0 0 1 277
8 2 19 0 1 0 0 0 0 0 1 267
21 3 20 0 2 0 0 0 0 0 1 178
9 2 21 1 0 0 0 0 0 0 1 232
17 4 18 1 0 0 0 0 0 0 1 1032
8 3 17 0 2 0 0 0 0 0 1 226
18 4 19 1 0 0 0 0 0 0 1 827
18 5 19 1 0 0 0 0 0 0 1 1059
11 2 19 1 0 0 0 0 0 0 1 251
20 3 19 1 0 0 0 0 0 0 1 238
15 4 17 1 0 0 0 0 0 0 1 995
14 5 17 1 0 0 0 0 0 0 1 1099
12 5 18 1 0 0 0 0 0 0 1 1023
6 5 15 1 0 0 0 0 0 0 1 1078
14 4 17 1 0 0 0 0 0 0 1 1076
15 5 16 1 0 0 0 0 0 0 1 1088
12 4 18 1 0 0 0 0 0 0 1 1194
17 5 19 1 0 0 0 0 0 0 1 158
6 4 19 1 0 0 0 0 0 0 1 1018
20 2 19 1 0 0 0 0 0 0 1 230
19 2 21 0 1 0 0 0 0 0 1 208
19 3 22 0 1 0 0 0 0 0 1 198
10 5 14 1 0 0 0 0 0 0 1 904
11 3 21 1 1 0 0 0 0 0 1 259
16 4 17 1 0 0 0 0 0 0 1 1154
7 4 13 1 0 0 0 0 0 0 1 1021
7 5 18 1 0 0 0 0 0 0 1 967
13 5 18 1 0 0 0 0 0 0 1 1006
10 4 17 1 0 0 0 0 0 0 1 1045
16 5 13 1 0 0 0 0 0 0 1 1226
17 4 19 1 0 0 0 0 0 0 1 227
9 3 21 0 1 0 0 0 0 0 1 276
15 4 18 1 0 0 0 0 0 0 1 211
21 4 20 1 0 0 0 0 0 0 1 920
14 4 18 1 0 0 0 0 0 0 1 187
9 2 22 0 1 0 0 0 0 0 1 283
14 5 18 2 0 0 0 0 0 0 1 219
20 3 20 0 1 0 0 0 0 0 1 240
11 2 20 0 1 0 0 0 0 0 1 251
8 4 19 1 0 0 0 0 0 0 1 1063
8 5 18 1 0 0 0 0 0 0 1 1027
13 4 18 1 0 0 0 0 0 0 1 1021
6 5 16 1 0 0 0 0 0 0 1 237
12 5 19 1 0 0 0 0 0 0 1 260
17 5 20 0 1 0 0 0 0 0 1 224
12 4 19 1 0 0 0 0 0 0 1 229
21 5 19 1 0 0 0 0 0 0 1 1031
15 4 19 0 0 1 0 0 0 0 0 90
15 5 17 0 1 0 0 0 0 0 1 260
6 4 20 1 0 0 0 0 0 0 1 227
16 4 18 1 0 0 0 0 0 0 1 182
10 5 15 1 0 0 0 0 0 0 1 235
6 4 21 0 1 1 0 0 0 0 0 77
18 4 20 1 0 0 0 0 0 0 1 413
12 4 20 0 1 1 0 0 0 0 0 111
19 4 19 1 0 0 0 0 0 0 1 1107
13 5 19 1 1 0 0 0 0 0 1 235
21 4 21 1 0 0 0 0 0 0 1 194
7 4 14 1 0 0 0 0 0 0 1 265
10 4 18 1 0 0 0 0 0 0 1 262
16 5 14 1 0 0 0 0 0 0 1 256
14 5 19 0 1 0 0 0 0 0 1 217
9 5 18 1 0 0 0 0 0 0 1 1241
13 4 19 0 1 0 0 0 0 0 1 212
8 5 19 2 0 0 0 0 0 0 1 225
6 5 17 0 1 0 0 0 0 0 1 224
20 5 16 1 0 0 0 0 0 0 1 1031
21 5 20 1 0 0 0 0 0 0 1 203
12 5 20 0 1 0 0 0 0 0 1 216
8 4 20 1 0 0 0 0 0 0 1 260
11 4 19 2 0 0 0 0 0 0 1 1130
7 5 19 1 0 0 0 0 0 0 1 344
19 5 19 1 0 0 0 0 0 0 1 1103
14 4 19 0 1 0 0 0 0 0 1 293
11 5 18 1 0 0 0 0 0 0 1 1206
20 4 20 1 0 0 0 0 0 0 1 1070
9 4 17 1 0 0 0 0 0 0 1 1123
16 4 19 0 1 0 0 0 0 0 1 243
17 3 21 1 0 0 0 0 0 0 1 910
10 5 16 0 1 0 0 0 0 0 1 222
17 2 20 1 0 0 0 0 0 0 1 924
21 4 22 1 0 0 0 0 0 0 1 221
16 5 15 0 1 0 0 0 0 0 1 199
9 5 19 1 0 0 0 0 0 0 1 203
20 5 17 1 0 0 0 0 0 0 1 185
19 4 20 1 0 0 0 0 0 0 1 280
18 2 18 1 0 0 0 0 0 0 1 917
8 5 20 0 1 0 0 0 0 0 1 230
10 4 19 0 1 0 0 0 0 0 1 259
15 3 18 1 0 0 0 0 0 0 1 1064
18 3 18 1 0 0 0 0 0 0 1 1055
19 5 20 1 0 0 0 0 0 0 1 199
6 2 23 1 0 0 0 0 0 0 1 904
20 4 21 1 0 0 0 0 0 0 1 182
12 2 21 1 0 0 0 0 0 0 1 1028
6 3 21 1 0 0 0 0 0 0 1 1027
21 5 21 0 1 0 0 0 0 0 1 252
8 4 21 0 1 0 0 0 0 0 1 250
13 2 20 1 0 0 0 0 0 0 1 985
15 2 20 1 0 0 0 0 0 0 1 1100
9 4 18 1 0 0 0 0 0 0 1 239
11 5 19 1 0 0 0 0 0 0 1 259
11 4 20 1 0 0 0 0 0 0 1 290
13 3 22 1 0 0 0 0 0 0 1 950
12 3 20 1 0 0 0 0 0 0 1 1029
17 2 21 1 0 0 0 0 0 0 1 225
10 2 21 1 0 0 0 0 0 0 1 967
7 2 22 1 0 0 0 0 0 0 1 977
17 3 22 1 0 0 0 0 0 0 1 283
14 2 18 1 0 0 0 0 0 0 1 1206
20 5 18 1 0 0 0 0 0 0 1 214
20 4 22 0 1 0 0 0 0 0 1 170
14 3 23 1 0 0 0 0 0 0 1 1155
10 3 22 1 0 0 0 0 0 0 1 1018
8 2 20 1 0 0 0 0 0 0 1 962
9 5 20 0 1 0 0 0 0 0 1 237
19 4 21 0 1 0 0 0 0 0 1 218
15 3 19 0 1 0 0 0 0 0 1 208
6 2 24 1 0 0 0 0 0 0 1 205
18 3 19 1 0 0 0 0 0 0 1 224
7 3 20 1 0 0 0 0 0 0 1 1227
16 3 20 1 0 0 0 0 0 0 1 1142
15 2 21 0 1 0 0 0 0 0 1 172
8 3 18 1 0 0 0 0 0 0 1 991
18 2 19 1 0 0 0 0 0 0 1 266
6 3 22 1 0 0 0 0 0 0 1 229
19 5 21 0 1 0 0 0 0 0 1 258
12 2 22 1 0 0 0 0 0 0 1 252
11 4 21 0 1 0 0 0 0 0 1 187
12 3 21 1 0 0 0 0 0 0 1 207
9 4 19 0 1 0 0 0 0 0 1 242
9 3 22 0 0 0 1 0 0 0 0 822
11 5 20 0 1 0 0 0 0 0 1 239
21 2 21 1 0 0 0 0 0 0 1 1170
17 2 22 0 1 0 0 0 0 0 1 206
13 2 21 1 0 0 0 0 0 0 1 271
16 2 21 1 0 0 0 0 0 0 1 1241
13 3 23 1 0 0 0 0 0 0 1 268
14 2 19 0 1 0 0 0 0 0 1 184
7 2 23 1 0 0 0 0 0 0 1 239
17 3 23 0 1 0 0 0 0 0 1 216
10 3 23 1 0 0 0 0 0 0 1 208
20 4 23 0 2 0 0 0 0 0 1 223
10 2 22 1 0 0 0 0 0 0 1 274
6 2 25 0 1 0 0 0 0 0 1 196
21 3 21 1 0 0 0 0 0 0 1 1177
8 2 21 1 0 0 0 0 0 0 1 230
15 3 20 0 1 0 0 0 0 0 1 227
14 2 20 0 1 1 0 0 0 0 0 77
14 3 24 0 1 0 0 0 0 0 1 255
16 3 21 1 0 0 0 0 0 0 1 204
19 2 22 1 0 0 0 0 0 0 1 1072
18 4 21 0 0 0 1 0 0 0 0 794
6 3 23 0 1 0 0 0 0 0 1 225
7 3 21 0 1 0 0 0 0 0 1 276
12 2 23 0 1 0 0 0 0 0 1 244
18 3 20 0 1 0 0 0 0 0 1 289
7 4 15 0 0 0 1 0 0 0 0 803
9 3 23 1 0 0 0 0 0 0 1 214
11 3 22 1 0 0 0 0 0 0 1 1107
8 3 19 1 0 0 0 0 0 0 1 298
10 3 24 0 2 0 0 0 0 0 1 157
12 3 22 0 1 0 0 0 0 0 1 251
9 2 23 1 0 0 0 0 0 0 1 1042
13 3 24 0 1 0 0 0 0 0 1 220
19 3 23 1 0 0 0 0 0 0 1 1191
13 2 22 0 1 0 0 0 0 0 1 241
7 2 24 0 1 0 0 0 0 0 1 210
17 5 21 1 0 0 0 0 0 0 1 1021
16 2 22 1 0 0 0 0 0 0 1 253
21 2 22 1 0 0 0 0 0 0 1 261
20 2 20 1 0 0 0 0 0 0 1 1216
11 2 21 1 0 0 0 0 0 0 1 1071
20 3 21 1 0 0 0 0 0 0 1 1093
15 4 20 1 0 0 0 0 0 0 1 1018
21 3 22 1 0 0 0 0 0 0 1 209
10 2 23 0 1 0 0 0 0 0 1 224
8 2 22 0 1 0 0 0 0 0 1 220
17 4 20 1 0 0 0 0 0 0 1 1178
15 5 18 1 0 0 0 0 0 0 1 1085
19 2 23 1 0 0 0 0 0 0 1 240
16 3 22 0 1 0 0 0 0 0 1 283
11 3 23 1 0 0 0 0 0 0 1 211
7 4 16 1 0 0 0 0 0 0 1 231
6 4 22 1 0 0 0 0 0 0 1 1073
16 2 23 0 1 0 0 0 0 0 1 181
18 4 22 1 0 0 0 0 0 0 1 305
17 5 22 1 0 0 0 0 0 0 1 199
9 3 24 1 0 0 0 0 0 0 1 260
6 5 18 1 0 0 0 0 0 0 1 1020
7 5 20 1 0 0 0 0 0 0 1 1010
14 4 20 1 0 0 0 0 0 0 1 1014
9 2 24 1 0 0 0 0 0 0 1 264
21 2 23 0 1 0 0 0 0 0 1 233
19 3 24 0 1 0 0 0 0 0 1 253
11 2 22 1 0 0 0 0 0 0 1 242
12 5 21 1 0 0 0 0 0 0 1 1063
14 5 20 1 0 0 0 0 0 0 1 1122
15 4 21 1 0 0 0 0 0 0 1 247
13 5 20 1 0 0 0 0 0 0 1 1171
8 5 21 1 0 0 0 0 0 0 1 897
10 5 17 1 0 0 0 0 0 0 1 1009
12 4 21 1 0 0 0 0 0 0 1 1204
20 3 22 1 0 0 0 0 0 0 1 275
17 4 21 1 1 0 0 0 0 0 1 241
13 4 20 1 0 0 0 0 0 0 1 1153
20 2 21 1 0 0 0 0 0 0 1 308
21 3 23 0 1 0 0 0 0 0 1 293
11 3 24 0 1 0 0 0 0 0 1 189
8 4 22 1 0 0 0 0 0 0 1 897
6 4 23 1 0 0 0 0 0 0 1 191
19 2 24 0 1 0 0 0 0 0 1 250
15 5 19 0 1 0 0 0 0 0 1 261
15 4 22 0 1 1 0 0 0 0 0 98
7 4 17 1 0 0 0 0 0 0 1 214
16 4 20 1 0 0 0 0 0 0 1 1115
11 3 25 0 0 1 0 0 0 0 0 73
9 3 25 0 1 0 0 0 0 0 1 223
16 5 16 1 0 0 0 0 0 0 1 1091
17 5 23 0 1 0 0 0 0 0 1 234
13 5 21 1 0 0 0 0 0 0 1 159
10 4 20 1 0 0 0 0 0 0 1 1043
6 5 19 1 0 0 0 0 0 0 1 244
18 4 23 1 0 0 0 0 0 0 1 270
11 2 23 0 1 0 0 0 0 0 1 224
7 5 21 1 0 0 0 0 0 0 1 270
12 5 22 1 0 0 0 0 0 0 1 241
14 4 21 1 0 0 0 0 0 0 1 273
14 5 21 2 0 0 0 0 0 0 1 253
13 4 21 1 1 0 0 0 0 0 1 215
19 5 22 1 0 0 0 0 0 0 1 866
12 4 22 1 0 0 0 0 0 0 1 254
7 5 22 0 0 1 0 0 0 0 0 69
21 5 22 1 0 0 0 0 0 0 1 1119
10 5 18 1 0 0 0 0 0 0 1 271
7 4 18 0 1 0 0 0 0 0 1 211
9 4 20 1 0 0 0 0 0 0 1 867
8 5 22 1 0 0 0 0 0 0 1 304
10 5 19 0 1 1 0 0 0 0 0 65
16 5 17 1 0 0 0 0 0 0 1 205
12 4 23 0 0 1 0 0 0 0 0 86
21 4 23 1 0 0 0 0 0 0 1 1308
6 4 24 0 1 0 0 0 0 0 1 297
17 2 23 1 0 0 0 0 0 0 1 908
13 5 22 0 1 0 0 0 0 0 1 223
8 4 23 0 1 0 0 0 0 0 1 320
16 4 21 1 0 0 0 0 0 0 1 289
20 4 24 1 0 0 0 0 0 0 1 861
12 5 23 0 1 0 0 0 0 0 1 186
6 5 20 0 1 0 0 0 0 0 1 241
10 4 21 0 1 0 0 0 0 0 1 249
19 4 22 1 0 0 0 0 0 0 1 1095
20 5 19 1 0 0 0 0 0 0 1 1127
15 3 21 1 0 0 0 0 0 0 1 878
17 3 24 1 0 0 0 0 0 0 1 933
9 5 21 1 0 0 0 0 0 0 1 1124
19 5 23 1 0 0 0 0 0 0 1 197
15 2 22 1 0 0 0 0 0 0 1 1086
14 4 22 0 1 0 0 0 0 0 1 237
14 5 22 0 1 0 0 0 0 0 1 245
21 5 23 1 0 0 0 0 0 0 1 252
11 4 22 1 0 0 0 0 0 0 1 1136
11 5 21 1 0 0 0 0 0 0 1 1085
21 4 24 1 1 0 0 0 0 0 1 190
7 2 25 1 0 0 0 0 0 0 1 849
9 4 21 1 0 0 0 0 0 0 1 247
18 3 21 1 0 0 0 0 0 0 1 932
17 2 24 1 0 0 0 0 0 0 1 213
20 4 25 1 0 0 0 0 0 0 1 192
7 3 22 1 0 0 0 0 0 0 1 962
18 2 20 1 0 0 0 0 0 0 1 1225
16 5 18 0 1 0 0 0 0 0 1 252
10 2 24 1 0 0 0 0 0 0 1 876
19 4 23 0 1 0 0 0 0 0 1 228
16 4 22 0 1 0 0 0 0 0 1 257
15 2 23 1 0 0 0 0 0 0 1 198
6 3 24 1 0 0 0 0 0 0 1 1044
13 2 23 1 0 0 0 0 0 0 1 959
15 3 22 1 0 0 0 0 0 0 1 235
10 3 25 1 0 0 0 0 0 0 1 1006
20 5 20 1 1 0 0 0 0 0 1 261
12 3 23 1 0 0 0 0 0 0 1 1017
9 5 22 0 1 0 0 0 0 0 1 274
12 2 24 1 0 0 0 0 0 0 1 1078
17 3 25 1 0 0 0 0 0 0 1 283
13 3 25 1 0 0 0 0 0 0 1 1026
6 2 26 1 0 0 0 0 0 0 1 1192
19 5 24 0 1 0 0 0 0 0 1 286
21 4 25 0 2 0 0 0 0 0 1 192
8 2 23 1 0 0 0 0 0 0 1 986
11 4 23 0 1 0 0 0 0 0 1 217
20 4 26 0 1 0 0 0 0 0 1 168
14 2 21 1 0 0 0 0 0 0 1 1194
14 3 25 1 0 0 0 0 0 0 1 1191
20 5 21 0 0 1 0 0 0 0 0 67
8 3 20 1 0 0 0 0 0 0 1 1082
7 2 26 1 0 0 0 0 0 0 1 208
16 3 23 1 0 0 0 0 0 0 1 909
11 5 22 1 0 0 0 0 0 0 1 257
21 5 24 0 1 0 0 0 0 0 1 261
7 3 23 1 0 0 0 0 0 0 1 201
17 2 25 1 0 0 0 0 0 0 1 235
9 4 22 0 1 0 0 0 0 0 1 263
18 3 22 1 0 0 0 0 0 0 1 251
18 2 21 1 0 0 0 0 0 0 1 237
10 2 25 1 0 0 0 0 0 0 1 226
15 2 24 0 1 0 0 0 0 0 1 234
16 2 24 1 0 0 0 0 0 0 1 1011
6 3 25 1 0 0 0 0 0 0 1 266
10 3 26 1 0 0 0 0 0 0 1 245
13 2 24 1 0 0 0 0 0 0 1 268
13 3 26 1 0 0 0 0 0 0 1 216
7 2 27 0 1 0 0 0 0 0 1 177
12 3 24 1 0 0 0 0 0 0 1 240
21 2 24 1 0 0 0 0 0 0 1 990
19 2 25 1 0 0 0 0 0 0 1 883
15 3 23 0 1 0 0 0 0 0 1 297
17 3 26 0 1 0 0 0 0 0 1 255
12 2 25 2 0 0 0 0 0 0 1 262
8 3 21 1 0 0 0 0 0 0 1 231
14 2 22 1 0 0 0 0 0 0 1 237
6 2 27 0 1 0 0 0 0 0 1 266
9 3 26 1 0 0 0 0 0 0 1 868
14 3 26 1 0 0 0 0 0 0 1 264
7 3 24 0 1 0 0 0 0 0 1 222
21 3 24 1 0 0 0 0 0 0 1 978
16 3 24 1 0 0 0 0 0 0 1 265
8 2 24 1 0 0 0 0 0 0 1 296
9 2 25 1 0 0 0 0 0 0 1 1094
19 3 25 1 0 0 0 0 0 0 1 1099
18 3 23 0 1 0 0 0 0 0 1 245
10 2 26 0 2 0 0 0 0 0 1 235
11 3 26 1 0 0 0 0 0 0 1 971
18 2 22 0 1 0 0 0 0 0 1 282
20 3 23 1 0 0 0 0 0 0 1 1137
10 3 27 0 1 0 0 0 0 0 1 235
17 4 22 1 0 0 0 0 0 0 1 1147
21 2 25 1 0 0 0 0 0 0 1 236
13 2 25 0 1 0 0 0 0 0 1 249
16 2 25 1 1 0 0 0 0 0 1 273
14 2 23 0 1 0 0 0 0 0 1 199
12 3 25 0 1 0 0 0 0 0 1 244
6 3 26 0 1 0 0 0 0 0 1 270
15 4 23 1 0 0 0 0 0 0 1 1103
19 2 26 1 0 0 0 0 0 0 1 245
21 3 25 1 0 0 0 0 0 0 1 190
16 3 25 0 1 0 0 0 0 0 1 183
9 3 27 1 0 0 0 0 0 0 1 209
13 3 27 0 1 0 0 0 0 0 1 299
19 3 26 1 0 0 0 0 0 0 1 190
14 3 27 0 1 0 0 0 0 0 1 243
9 2 26 1 0 0 0 0 0 0 1 214
12 2 26 0 1 0 0 0 0 0 1 290
18 4 24 1 0 0 0 0 0 0 1 1097
15 5 20 1 0 0 0 0 0 0 1 1205
11 2 24 1 0 0 0 0 0 0 1 1089
17 5 24 1 0 0 0 0 0 0 1 1159
7 5 23 1 0 0 0 0 0 0 1 1034
8 3 22 0 1 0 0 0 0 0 1 337
11 3 27 1 0 0 0 0 0 0 1 230
7 4 19 1 0 0 0 0 0 0 1 1040
6 5 21 1 0 0 0 0 0 0 1 957
17 4 23 1 0 0 0 0 0 0 1 212
18 5 20 1 0 0 0 0 0 0 0 1059
10 5 20 1 0 0 0 0 0 0 1 1056
13 5 23 1 0 0 0 0 0 0 1 1037
21 2 26 0 1 0 0 0 0 0 1 231
10 4 22 1 0 0 0 0 0 0 1 1018
20 3 24 1 0 0 0 0 0 0 1 269
14 4 23 1 0 0 0 0 0 0 1 970
21 3 26 0 1 0 0 0 0 0 1 225
6 4 25 1 0 0 0 0 0 0 1 1075
19 2 27 0 1 0 0 0 0 0 1 273
11 2 25 0 1 0 0 0 0 0 1 195
14 5 23 1 0 0 0 0 0 0 1 996
13 4 22 1 0 0 0 0 0 0 1 1239
19 3 27 0 1 0 0 0 0 0 1 247
9 2 27 0 1 0 0 0 0 0 1 232
9 3 28 0 1 0 0 0 0 0 1 295
12 5 24 1 0 0 0 0 0 0 1 1125
12 4 24 1 0 0 0 0 0 0 1 1177
7 5 24 1 0 0 0 0 0 0 1 227
8 5 23 1 0 0 0 0 0 0 1 1224
8 4 24 1 0 0 0 0 0 0 1 1153
18 4 25 1 0 0 0 0 0 0 1 270
17 5 25 0 1 0 0 0 0 0 1 242
15 4 24 1 0 0 0 0 0 0 1 359
15 5 21 0 1 0 0 0 0 0 1 306
6 5 22 1 0 0 0 0 0 0 1 234
16 4 23 1 0 0 0 0 0 0 1 968
7 4 20 1 0 0 0 0 0 0 1 269
14 4 24 1 0 0 0 0 0 0 1 184
11 3 28 0 1 0 0 0 0 0 1 304
17 4 24 0 1 0 0 0 0 0 1 268
16 5 19 1 0 0 0 0 0 0 1 1055
18 5 21 1 0 0 0 0 0 0 1 261
10 4 23 1 0 0 0 0 0 0 1 242
6 4 26 0 1 0 0 0 0 0 1 248
20 3 25 0 1 0 0 0 0 0 1 269
21 4 26 1 0 0 0 0 0 0 1 952
13 5 24 1 0 0 0 0 0 0 1 293
21 5 25 1 0 0 0 0 0 0 1 919
18 4 26 0 1 0 0 0 0 0 1 195
11 5 23 1 0 0 0 0 0 0 1 954
12 5 25 1 0 0 0 0 0 0 1 223
10 5 21 1 0 0 0 0 0 0 1 342
13 4 23 1 0 0 0 0 0 0 1 272
14 5 24 1 0 0 0 0 0 0 1 279
9 5 23 1 0 0 0 0 0 0 1 1058
7 5 25 0 1 0 0 0 0 0 1 244
9 4 23 1 0 0 0 0 0 0 1 967
19 4 24 1 0 0 0 0 0 0 1 1152
8 5 24 1 0 0 0 0 0 0 1 256
11 4 24 1 0 0 0 0 0 0 1 1049
19 5 25 1 0 0 0 0 0 0 1 1070
17 2 26 1 0 0 0 0 0 0 1 989
8 4 25 1 0 0 0 0 0 0 1 269
16 4 24 0 1 0 0 0 0 0 1 201
20 5 22 1 0 0 0 0 0 0 1 1075
6 5 23 0 1 0 0 0 0 0 1 243
12 4 25 1 0 0 0 0 0 0 1 308
14 4 25 0 1 0 0 0 0 0 1 236
15 3 24 1 0 0 0 0 0 0 1 898
7 4 21 0 1 0 0 0 0 0 1 259
17 3 27 1 0 0 0 0 0 0 1 905
16 5 20 0 1 0 0 0 0 0 1 229
18 5 22 0 1 0 0 0 0 0 1 262
21 5 26 1 0 0 0 0 0 0 1 235
13 5 25 0 1 0 0 0 0 0 1 241
12 4 26 0 1 1 0 0 0 0 0 107
20 4 27 1 0 0 0 0 0 0 1 1198
9 5 24 1 0 0 0 0 0 0 1 211
15 2 25 1 0 0 0 0 0 0 1 1095
12 5 26 0 1 0 0 0 0 0 1 251
11 5 24 1 0 0 0 0 0 0 1 255
7 3 25 1 0 0 0 0 0 0 1 981
10 3 28 1 0 0 0 0 0 0 1 843
6 2 28 1 0 0 0 0 0 0 1 1015
9 4 24 1 0 0 0 0 0 0 1 223
21 4 27 1 0 0 0 0 0 0 1 323
19 4 25 1 0 0 0 0 0 0 1 231
8 4 26 0 1 0 0 0 0 0 1 213
19 5 26 1 0 0 0 0 0 0 1 227
17 2 27 1 0 0 0 0 0 0 1 229
7 2 28 1 0 0 0 0 0 0 1 1097
13 2 26 1 0 0 0 0 0 0 1 870
11 4 25 1 0 0 0 0 0 0 1 256
18 3 24 1 0 0 0 0 0 0 1 985
8 5 25 0 1 0 0 0 0 0 1 265
13 3 28 1 0 0 0 0 0 0 1 830
15 3 25 1 0 0 0 0 0 0 1 211
20 5 23 1 0 0 0 0 0 0 1 247
10 2 27 1 0 0 0 0 0 0 1 990
17 3 28 1 0 0 0 0 0 0 1 241
6 3 27 1 0 0 0 0 0 0 1 938
14 2 24 1 0 0 0 0 0 0 1 945
18 2 23 1 0 0 0 0 0 0 1 1023
14 3 28 1 0 0 0 0 0 0 1 908
16 2 26 1 0 0 0 0 0 0 1 1008
21 5 27 0 1 0 0 0 0 0 1 253
11 5 25 0 1 0 0 0 0 0 1 201
15 2 26 0 1 0 0 0 0 0 1 218
16 3 26 1 0 0 0 0 0 0 1 994
7 3 26 1 0 0 0 0 0 0 1 207
20 4 28 1 0 0 0 0 0 0 1 265
17 2 28 2 0 0 0 0 0 0 1 180
6 2 29 1 0 0 0 0 0 0 1 218
10 3 29 1 0 0 0 0 0 0 1 220
11 4 26 0 1 0 0 0 0 0 1 178
9 4 25 0 1 0 0 0 0 0 1 225
19 4 26 0 1 0 0 0 0 0 1 216
13 3 29 1 0 0 0 0 0 0 1 179
21 4 28 0 1 0 0 0 0 0 1 247
19 5 27 0 1 0 0 0 0 0 1 234
9 5 25 0 1 0 0 0 0 0 1 291
13 2 27 1 0 0 0 0 0 0 1 235
12 3 26 1 0 0 0 0 0 0 1 1098
20 5 24 0 1 0 0 0 0 0 1 228
10 2 28 1 0 0 0 0 0 0 1 243
18 3 25 1 0 0 0 0 0 0 1 280
14 2 25 1 0 0 0 0 0 0 1 203
12 2 27 1 0 0 0 0 0 0 1 1076
7 2 29 1 0 0 0 0 0 0 1 307
6 3 28 1 0 0 0 0 0 0 1 217
15 3 26 0 1 0 0 0 0 0 1 273
8 3 23 1 0 0 0 0 0 0 1 1030
18 2 24 1 0 0 0 0 0 0 1 231
10 2 29 0 1 1 0 0 0 0 0 59
17 3 29 0 1 0 0 0 0 0 1 270
7 3 27 1 0 0 0 0 0 0 1 199
16 3 27 1 0 0 0 0 0 0 1 215
16 2 27 1 0 0 0 0 0 0 1 240
10 3 30 0 1 0 0 0 0 0 1 207
21 2 27 1 0 0 0 0 0 0 1 1028
14 3 29 1 0 0 0 0 0 0 1 277
6 2 30 0 1 0 0 0 0 0 1 230
20 4 29 0 1 0 0 0 0 0 1 260
17 2 29 0 1 0 0 0 0 0 1 272
13 2 28 0 1 0 0 0 0 0 1 226
19 3 28 1 0 0 0 0 0 0 1 1032
12 3 27 1 0 0 0 0 0 0 1 242
19 2 28 1 0 0 0 0 0 0 1 1057
11 2 26 1 0 0 0 0 0 0 1 1055
6 3 29 0 1 0 0 0 0 0 1 190
13 3 30 0 1 0 0 0 0 0 1 291
11 3 29 1 0 0 0 0 0 0 1 914
7 2 30 0 1 0 0 0 0 0 1 230
14 2 26 0 1 0 0 0 0 0 1 250
9 2 28 1 0 0 0 0 0 0 1 1096
18 3 26 0 1 0 0 0 0 0 1 257
12 2 28 1 0 0 0 0 0 0 1 257
15 5 22 1 0 0 0 0 0 0 1 1013
7 3 28 0 1 0 0 0 0 0 1 199
9 3 29 1 0 0 0 0 0 0 1 1109
8 3 24 0 1 0 0 0 0 0 1 273
16 3 28 0 1 0 0 0 0 0 1 208
18 2 25 0 1 0 0 0 0 0 1 258
15 4 25 1 0 0 0 0 0 0 1 1089
10 4 24 1 0 0 0 0 0 0 1 987
21 2 28 1 0 0 0 0 0 0 1 213
20 3 26 1 0 0 0 0 0 0 1 975
14 3 30 0 1 0 0 0 0 0 1 226
17 4 25 1 0 0 0 0 0 0 1 1037
16 2 28 0 1 0 0 0 0 0 1 265
11 2 27 1 1 0 0 0 0 0 1 208
6 5 24 1 0 0 0 0 0 0 1 905
19 2 29 1 0 0 0 0 0 0 1 229
12 3 28 0 1 0 0 0 0 0 1 249
13 5 26 1 0 0 0 0 0 0 1 837
17 5 26 1 0 0 0 0 0 0 1 1232
11 3 30 0 1 0 0 0 0 0 1 232
10 5 22 1 0 0 0 0 0 0 1 1040
21 3 27 1 0 0 0 0 0 0 1 1359
10 4 25 1 0 0 0 0 0 0 1 149
7 4 22 1 0 0 0 0 0 0 1 965
19 3 29 1 1 0 0 0 0 0 1 310
6 4 27 1 0 0 0 0 0 0 1 1152
18 4 27 1 0 0 0 0 0 0 1 1106
9 2 29 1 0 0 0 0 0 0 1 272
18 5 23 1 0 0 0 0 0 0 1 941
17 4 26 1 0 0 0 0 0 0 1 188
15 4 26 1 0 0 0 0 0 0 1 242
7 5 26 1 0 0 0 0 0 0 1 1106
13 4 24 1 0 0 0 0 0 0 1 1133
20 3 27 1 0 0 0 0 0 0 1 219
9 3 30 1 0 0 0 0 0 0 1 266
14 4 26 1 0 0 0 0 0 0 1 1043
21 2 29 0 1 0 0 0 0 0 1 245
15 5 23 1 0 0 0 0 0 0 1 310
16 5 21 1 0 0 0 0 0 0 1 1035
11 2 28 0 1 0 0 0 0 0 1 201
8 4 27 1 0 0 0 0 0 0 1 923
13 5 27 1 0 0 0 0 0 0 1 176
14 5 25 1 0 0 0 0 0 0 1 1203
19 2 30 0 1 0 0 0 0 0 1 223
16 4 25 1 0 0 0 0 0 0 1 1177
6 5 25 1 0 0 0 0 0 0 1 246
12 5 27 1 0 0 0 0 0 0 1 1000
8 5 26 1 0 0 0 0 0 0 1 939
18 5 24 1 0 0 0 0 0 0 1 148
17 5 27 1 0 0 0 0 0 0 1 241
20 2 22 1 0 0 0 0 0 0 0 308
7 4 23 1 0 0 0 0 0 0 1 196
10 5 23 1 0 0 0 0 0 0 1 257
12 4 27 1 0 0 0 0 0 0 1 1106
9 3 31 0 1 0 0 0 0 0 1 168
18 4 28 1 0 0 0 0 0 0 1 222
9 2 30 0 1 0 0 0 0 0 1 212
10 4 26 1 0 0 0 0 0 0 1 285
15 5 24 0 1 0 0 0 0 0 1 182
17 4 27 0 1 0 0 0 0 0 1 226
6 4 28 0 1 0 0 0 0 0 1 263
14 4 27 1 0 0 0 0 0 0 1 218
13 4 25 1 0 0 0 0 0 0 1 227
15 4 27 0 2 0 0 0 0 0 1 251
20 3 28 0 1 0 0 0 0 0 1 249
7 5 27 1 0 0 0 0 0 0 1 258
19 4 27 1 0 0 0 0 0 0 1 912
8 4 28 1 0 0 0 0 0 0 1 217
13 5 28 1 0 0 0 0 0 0 1 206
21 4 29 1 0 0 0 0 0 0 1 910
11 5 26 2 0 0 0 0 0 0 1 978
8 5 27 1 0 0 0 0 0 0 1 190
19 5 28 1 0 0 0 0 0 0 1 922
14 5 26 1 0 0 0 0 0 0 1 245
16 5 22 1 0 0 0 0 0 0 1 296
18 5 25 0 1 0 0 0 0 0 1 207
7 4 24 0 1 0 0 0 0 0 1 192
11 4 27 1 0 0 0 0 0 0 1 997
18 4 29 0 1 0 0 0 0 0 1 176
16 4 26 1 0 0 0 0 0 0 1 258
21 5 28 1 0 0 0 0 0 0 1 1051
20 2 23 0 1 0 0 0 0 0 1 219
6 5 26 0 1 0 0 0 0 0 1 266
14 4 28 1 0 0 0 0 0 0 1 156
12 4 28 1 0 0 0 0 0 0 1 221
10 5 24 0 1 0 0 0 0 0 1 231
12 5 28 1 0 0 0 0 0 0 1 310
9 5 26 1 0 0 0 0 0 0 1 1054
15 3 27 1 0 0 0 0 0 0 1 1000
13 4 26 0 1 0 0 0 0 0 1 234
10 4 27 0 1 0 0 0 0 0 1 264
7 5 28 0 1 0 0 0 0 0 1 208
8 4 29 0 1 0 0 0 0 0 1 200
9 4 26 1 0 0 0 0 0 0 1 1128
15 2 27 1 0 0 0 0 0 0 1 1174
13 5 29 0 1 0 0 0 0 0 1 214
14 5 27 0 1 0 0 0 0 0 1 203
8 5 28 0 1 0 0 0 0 0 1 230
11 5 27 2 0 0 0 0 0 0 1 241
16 5 23 0 1 0 0 0 0 0 1 205
17 2 30 1 0 0 0 0 0 0 1 939
21 4 30 1 0 0 0 0 0 0 1 251
19 4 28 1 0 0 0 0 0 0 1 293
19 5 29 1 0 0 0 0 0 0 1 253
20 5 25 1 0 0 0 0 0 0 1 1154
20 4 30 1 0 0 0 0 0 0 1 992
17 3 30 1 0 0 0 0 0 0 1 1083
6 3 30 1 0 0 0 0 0 0 1 936
14 4 29 0 2 0 0 0 0 0 1 225
16 4 27 0 1 0 0 0 0 0 1 247
21 5 29 1 0 0 0 0 0 0 1 266
6 2 31 1 0 0 0 0 0 0 1 1062
10 3 31 1 0 0 0 0 0 0 1 1088
11 4 28 1 0 0 0 0 0 0 1 295
18 2 26 1 0 0 0 0 0 0 1 896
19 5 30 0 1 1 0 0 0 0 0 94
10 2 30 1 0 0 0 0 0 0 1 1161
12 4 29 0 2 0 0 0 0 0 1 275
9 5 27 1 0 0 0 0 0 0 1 227
7 3 29 1 0 0 0 0 0 0 1 976
18 3 27 1 0 0 0 0 0 0 1 1014
7 2 31 1 0 0 0 0 0 0 1 1031
21 4 31 0 1 0 0 0 0 0 1 195
15 2 28 1 0 0 0 0 0 0 1 253
15 3 28 1 0 0 0 0 0 0 1 288
11 5 28 0 1 0 0 0 0 0 1 219
17 2 31 1 0 0 0 0 0 0 1 220
9 4 27 1 0 0 0 0 0 0 1 294
8 3 25 1 0 0 0 0 0 0 1 1040
17 3 31 1 0 0 0 0 0 0 1 202
20 5 26 1 0 0 0 0 0 0 1 222
13 3 31 1 0 0 0 0 0 0 1 1161
13 2 29 1 0 0 0 0 0 0 1 1196
20 4 31 1 0 0 0 0 0 0 1 247
9 5 28 0 1 0 0 0 0 0 1 174
10 3 32 1 0 0 0 0 0 0 1 207
6 3 31 1 0 0 0 0 0 0 1 272
16 2 29 1 0 0 0 0 0 0 1 1053
10 2 31 1 0 0 0 0 0 0 1 205
16 4 28 0 0 1 0 0 0 0 0 267
6 2 32 1 0 0 0 0 0 0 1 262
16 3 29 1 0 0 0 0 0 0 1 1153
21 5 30 0 1 0 0 0 0 0 1 275
18 2 27 1 0 0 0 0 0 0 1 262
14 3 31 1 0 0 0 0 0 0 1 1124
12 3 29 1 0 0 0 0 0 0 1 1031
12 2 29 1 0 0 0 0 0 0 1 1215
14 2 27 1 0 0 0 0 0 0 1 1238
7 3 30 1 0 0 0 0 0 0 1 268
19 3 30 1 0 0 0 0 0 0 1 1025
19 2 31 1 0 0 0 0 0 0 1 880
18 3 28 1 0 0 0 0 0 0 1 257
7 2 32 1 1 0 0 0 0 0 1 264
20 5 27 0 1 0 0 0 0 0 1 192
8 3 26 1 0 0 0 0 0 0 1 214
9 4 28 0 1 0 0 0 0 0 1 227
15 3 29 0 1 0 0 0 0 0 1 254
15 2 29 0 1 0 0 0 0 0 1 267
17 3 32 0 1 0 0 0 0 0 1 224
17 2 32 0 1 0 0 0 0 0 1 259
7 3 31 0 0 1 0 0 0 0 0 69
11 3 31 1 0 0 0 0 0 0 1 1143
21 3 28 1 0 0 0 0 0 0 1 1158
11 2 29 1 0 0 0 0 0 0 1 1013
13 2 30 1 0 0 0 0 0 0 1 265
20 4 32 0 1 0 0 0 0 0 1 261
