scene_id agent_id completed_episodes green amber red amber_red collision wall not_permitted target step_count
12 5 1 0 0 0 0 1 0 0 0 1
12 9 1 0 0 0 0 1 0 0 0 1
12 3 1 0 0 0 0 1 0 0 0 1
12 7 1 0 0 0 0 1 0 0 0 1
11 3 1 1 0 0 0 0 0 0 1 176
6 3 1 1 0 0 0 0 0 0 1 189
7 3 1 1 0 0 0 0 0 0 1 201
9 6 1 1 0 0 0 0 0 0 1 202
13 2 1 1 0 0 0 0 0 0 1 208
12 7 2 1 0 0 0 0 0 0 1 216
8 2 1 1 0 0 0 0 0 0 1 224
11 6 1 1 0 0 0 0 0 0 1 225
9 2 1 1 0 0 0 0 0 0 1 230
6 7 1 1 0 0 0 0 0 0 1 234
10 7 1 1 0 0 0 0 0 0 1 235
12 2 1 1 0 0 0 0 0 0 1 235
12 6 1 1 0 0 0 0 0 0 1 243
12 3 2 1 0 0 0 0 0 0 1 242
12 2 2 0 0 0 0 1 0 0 0 9
12 6 1 0 0 0 0 1 0 0 0 1
13 6 1 1 0 0 0 0 0 0 1 248
7 6 1 1 0 0 0 0 0 0 1 249
8 3 1 1 0 0 0 0 0 0 1 254
8 7 1 1 0 0 0 0 0 0 1 254
6 6 1 1 0 0 0 0 0 0 1 255
7 2 1 1 0 0 0 0 0 0 1 255
7 7 1 1 0 0 0 0 0 0 1 258
10 3 1 1 0 0 0 0 0 0 1 262
10 2 1 1 0 0 0 0 0 0 1 271
10 6 1 1 0 0 0 0 0 0 1 272
9 3 1 1 0 0 0 0 0 0 1 273
8 6 1 1 0 0 0 0 0 0 1 274
11 7 1 1 0 0 0 0 0 0 1 281
13 3 1 1 0 0 0 0 0 0 1 290
9 7 1 1 0 0 0 0 0 0 1 291
11 2 1 1 0 0 0 0 0 0 1 296
6 2 1 1 0 0 0 0 0 0 1 306
13 7 1 1 0 0 0 0 0 0 1 318
6 7 2 1 0 0 0 0 0 0 1 171
13 2 2 1 0 0 0 0 0 0 1 203
13 6 2 0 2 0 0 0 0 0 1 166
6 3 2 1 0 0 0 0 0 0 1 230
11 3 2 1 0 0 0 0 0 0 1 256
10 6 2 1 0 0 0 0 0 0 1 161
12 7 3 1 0 0 0 0 0 0 1 218
9 6 2 1 0 0 0 0 0 0 1 234
8 2 2 1 0 0 0 0 0 0 1 221
7 3 2 1 0 0 0 0 0 0 1 245
9 2 2 1 0 0 0 0 0 0 1 250
10 7 2 1 0 0 0 0 0 0 1 246
7 7 2 0 1 0 0 0 0 0 1 229
12 2 3 0 2 0 0 0 0 0 1 247
9 3 2 1 0 0 0 0 0 0 1 225
12 6 2 0 1 0 0 0 0 0 1 264
8 3 2 1 0 0 0 0 0 0 1 256
11 6 2 1 0 0 0 0 0 0 1 291
11 7 2 1 0 0 0 0 0 0 1 237
7 3 3 0 0 1 0 0 0 0 0 75
12 3 3 0 1 0 0 0 0 0 1 279
7 6 2 0 1 0 0 0 0 0 1 281
10 3 2 1 1 0 0 0 0 0 1 273
8 6 2 1 0 0 0 0 0 0 1 261
6 6 2 2 0 0 0 0 0 0 1 282
8 7 2 1 0 0 0 0 0 0 1 288
9 7 2 1 0 0 0 0 0 0 1 257
7 2 2 0 1 0 0 0 0 0 1 303
11 2 2 0 1 0 0 0 0 0 1 267
13 3 2 0 1 0 0 0 0 0 1 278
13 2 3 0 1 0 0 0 0 0 1 165
13 7 2 0 1 0 0 0 0 0 1 261
10 2 2 0 1 0 0 0 0 0 1 310
6 2 2 1 0 0 0 0 0 0 1 287
11 2 3 0 1 1 0 0 0 0 0 55
12 7 4 0 1 0 0 0 0 0 1 199
10 6 3 0 1 0 0 0 0 0 1 207
6 7 3 0 1 0 0 0 0 0 1 244
11 3 3 0 1 0 0 0 0 0 1 232
9 6 3 0 1 0 0 0 0 0 1 231
11 7 3 0 2 0 0 0 0 0 1 175
13 6 3 0 1 0 0 0 0 0 1 284
9 2 3 0 1 0 0 0 0 0 1 226
6 3 3 0 1 0 0 0 0 0 1 288
8 3 3 0 1 0 0 0 0 0 1 200
8 2 3 0 1 0 0 0 0 0 1 268
9 3 3 0 1 0 0 0 0 0 1 222
8 7 3 0 1 0 0 0 0 0 1 203
8 6 3 0 1 0 0 0 0 0 1 231
9 7 3 0 1 0 0 0 0 0 1 227
13 8 1 1 0 0 0 0 0 0 1 784
12 9 2 1 0 0 0 0 0 0 1 791
12 8 1 1 0 0 0 0 0 0 1 793
11 6 3 0 1 0 0 0 0 0 1 300
10 8 1 2 0 0 0 0 0 0 1 837
7 4 1 1 0 0 0 0 0 0 1 841
13 4 1 1 0 0 0 0 0 0 1 845
7 5 1 1 0 0 0 0 0 0 1 877
11 9 1 1 0 0 0 0 0 0 1 882
7 9 1 1 0 0 0 0 0 0 1 885
13 5 1 1 0 0 0 0 0 0 1 888
12 4 1 1 0 0 0 0 0 0 1 892
12 5 2 1 0 0 0 0 0 0 1 901
13 9 1 1 0 0 0 0 0 0 1 914
6 8 1 1 0 0 0 0 0 0 1 943
8 9 1 1 0 0 0 0 0 0 1 945
11 5 1 1 0 0 0 0 0 0 1 953
10 5 1 2 0 0 0 0 0 0 1 954
11 8 1 1 0 0 0 0 0 0 1 964
10 4 1 1 0 0 0 0 0 0 1 965
12 9 3 1 0 0 0 0 0 0 1 190
10 9 1 1 0 0 0 0 0 0 1 985
8 8 1 1 0 0 0 0 0 0 1 989
9 8 1 1 0 0 0 0 0 0 1 990
6 5 1 1 0 0 0 0 0 0 1 991
8 4 1 1 0 0 0 0 0 0 1 998
11 4 1 1 0 0 0 0 0 0 1 1003
6 9 1 1 0 0 0 0 0 0 1 1004
12 8 2 1 0 0 0 0 0 0 1 212
6 4 1 1 0 0 0 0 0 0 1 1021
13 8 2 1 0 0 0 0 0 0 1 256
13 4 2 1 0 0 0 0 0 0 1 199
10 8 2 1 0 0 0 0 0 0 1 213
11 9 2 1 0 0 0 0 0 0 1 181
13 9 2 1 0 0 0 0 0 0 1 169
9 9 1 1 0 0 0 0 0 0 1 1085
8 5 1 1 0 0 0 0 0 0 1 1094
7 4 2 1 0 0 0 0 0 0 1 258
9 4 1 1 0 0 0 0 0 0 1 1111
7 5 2 1 0 0 0 0 0 0 1 237
12 4 2 1 0 0 0 0 0 0 1 229
10 5 2 1 0 0 0 0 0 0 1 173
7 9 2 1 0 0 0 0 0 0 1 245
9 5 1 1 0 0 0 0 0 0 1 1145
6 8 2 1 0 0 0 0 0 0 1 202
10 4 2 1 0 0 0 0 0 0 1 194
11 8 2 1 0 0 0 0 0 0 1 196
8 9 2 1 0 0 0 0 0 0 1 223
13 5 2 1 0 0 0 0 0 0 1 282
11 5 2 1 0 0 0 0 0 0 1 227
12 5 3 0 1 0 0 0 0 0 1 318
8 4 2 1 0 0 0 0 0 0 1 235
9 8 2 1 0 0 0 0 0 0 1 248
10 9 2 1 0 0 0 0 0 0 1 255
6 9 2 1 0 0 0 0 0 0 1 240
6 5 2 1 0 0 0 0 0 0 1 258
8 8 2 1 0 0 0 0 0 0 1 263
12 8 3 0 1 0 0 0 0 0 1 251
13 4 3 1 0 0 0 0 0 0 1 215
10 8 3 1 0 0 0 0 0 0 1 216
11 4 2 1 0 0 0 0 0 0 1 274
11 9 3 0 1 0 0 0 0 0 1 231
13 8 3 1 0 0 0 0 0 0 1 265
6 4 2 1 0 0 0 0 0 0 1 286
8 5 2 1 0 0 0 0 0 0 1 220
13 9 3 1 0 0 0 0 0 0 1 238
13 5 3 0 1 0 0 0 0 0 1 164
10 5 3 1 1 0 0 0 0 0 1 215
12 9 4 0 1 0 0 0 0 0 1 371
9 9 2 1 0 0 0 0 0 0 1 271
9 5 2 1 0 0 0 0 0 0 1 212
9 4 2 1 0 0 0 0 0 0 1 254
7 5 3 0 1 0 0 0 0 0 1 253
7 4 3 0 1 0 0 0 0 0 1 271
7 9 3 0 1 0 0 0 0 0 1 276
11 8 3 0 1 0 0 0 0 0 1 246
7 5 4 0 0 0 0 1 0 0 0 40
7 9 3 0 0 0 0 1 0 0 0 1
11 5 3 0 1 0 0 0 0 0 1 229
10 4 3 0 1 0 0 0 0 0 1 253
7 3 4 0 0 0 1 0 0 0 0 896
8 9 3 0 1 0 0 0 0 0 1 251
12 3 4 1 0 0 0 0 1 0 0 914
8 4 3 0 1 0 0 0 0 0 1 206
6 8 3 1 0 0 0 0 0 0 1 302
9 8 3 0 1 0 0 0 0 0 1 214
10 9 3 0 1 0 0 0 0 0 1 230
9 5 3 0 0 1 0 0 0 0 0 116
9 4 3 0 0 1 0 0 0 0 0 112
10 2 3 0 0 0 1 0 0 0 0 906
10 8 4 0 1 0 0 0 0 0 1 229
6 5 3 0 1 0 0 0 0 0 1 250
12 7 5 1 0 0 0 0 0 0 1 870
12 2 4 1 0 0 0 0 0 0 1 1015
6 4 3 0 1 0 0 0 0 0 1 221
13 4 4 0 1 0 0 0 0 0 1 269
6 9 3 0 1 0 0 0 0 0 1 304
8 8 3 0 1 0 0 0 0 0 1 314
8 5 3 0 1 0 0 0 0 0 1 276
9 9 3 0 1 0 0 0 0 0 1 237
12 6 3 1 0 0 0 0 0 0 1 1111
7 2 3 1 0 0 0 0 0 0 1 1069
13 7 3 1 0 0 0 0 0 0 1 1069
13 2 4 1 0 0 0 0 0 0 1 1073
11 3 4 1 0 0 0 0 0 0 1 989
10 7 3 1 0 0 0 0 0 0 1 1186
7 6 3 1 0 0 0 0 0 0 1 1143
7 3 5 1 0 0 0 0 0 0 1 271
8 3 4 1 0 0 0 0 0 0 1 979
11 7 4 1 0 0 0 0 0 0 1 997
8 6 4 1 0 0 0 0 0 0 1 927
7 7 3 1 0 0 0 0 0 0 1 1207
11 2 4 1 0 0 0 0 0 0 1 1086
11 6 4 1 0 0 0 0 0 0 1 889
12 7 6 1 0 0 0 0 0 0 1 207
6 7 4 1 0 0 0 0 0 0 1 1076
12 3 5 1 0 0 0 0 0 0 1 296
10 6 4 1 0 0 0 0 0 0 1 1095
12 2 5 1 0 0 0 0 0 0 1 238
8 2 4 1 0 0 0 0 0 0 1 1037
10 3 3 1 0 0 0 0 0 0 1 1233
10 2 4 1 0 0 0 0 0 0 1 282
13 6 4 1 0 0 0 0 0 0 1 1078
8 7 4 1 0 0 0 0 0 0 1 1041
6 3 4 1 0 0 0 0 0 0 1 1086
6 6 3 1 0 0 0 0 0 0 1 1262
13 3 3 1 0 0 0 0 0 0 1 1231
9 6 4 1 0 0 0 0 0 0 1 1138
7 2 4 1 0 0 0 0 0 0 1 182
9 2 4 1 0 0 0 0 0 0 1 1104
9 3 4 1 0 0 0 0 0 0 1 1115
6 2 3 1 0 0 0 0 0 0 1 1253
12 6 4 1 0 0 0 0 0 0 1 234
11 3 5 1 0 0 0 0 0 0 1 205
13 7 4 1 0 0 0 0 0 0 1 222
12 7 7 0 1 0 0 0 1 0 0 178
13 2 5 1 0 0 0 0 0 0 1 242
9 7 4 1 0 0 0 0 0 0 1 1121
10 6 5 1 0 0 0 0 0 0 1 162
7 6 4 1 0 0 0 0 0 0 1 230
11 6 5 1 0 0 0 0 0 0 1 204
11 2 5 1 0 0 0 0 0 0 1 206
8 3 5 1 0 0 0 0 0 0 1 225
10 7 4 1 0 0 0 0 0 0 1 250
11 7 5 1 0 0 0 0 0 0 1 237
8 6 5 1 0 0 0 0 0 0 1 235
7 3 6 1 0 0 0 0 0 0 1 255
12 2 6 0 1 0 0 0 0 0 1 227
10 3 4 1 0 0 0 0 0 0 1 215
6 7 5 1 0 0 0 0 0 0 1 261
12 3 6 0 1 0 0 0 0 0 1 260
6 3 5 1 0 0 0 0 0 0 1 228
8 7 5 2 0 0 0 0 0 0 1 237
13 6 5 1 0 0 0 0 0 0 1 250
7 7 4 1 1 0 0 0 0 0 1 337
8 2 5 1 0 0 0 0 0 0 1 281
7 2 5 0 1 0 0 0 0 0 1 225
9 6 5 1 0 0 0 0 0 0 1 243
6 6 4 1 0 0 0 0 0 0 1 254
9 3 5 1 0 0 0 0 0 0 1 223
10 2 5 1 0 0 0 0 0 0 1 292
13 3 4 1 0 0 0 0 0 0 1 273
11 3 6 1 0 0 0 0 0 0 1 220
9 2 5 1 0 0 0 0 0 0 1 273
6 2 4 1 0 0 0 0 0 0 1 241
10 7 5 0 1 0 0 0 0 0 1 175
11 6 6 0 1 0 0 0 0 0 1 191
13 2 6 1 1 0 0 0 0 0 1 217
13 7 5 1 0 0 0 0 0 0 1 249
11 2 6 0 1 0 0 0 0 0 1 214
9 7 5 1 0 0 0 0 0 0 1 229
12 6 5 0 1 0 0 0 0 0 1 274
8 6 6 0 1 0 0 0 0 0 1 204
10 6 6 0 1 0 0 0 0 0 1 239
11 3 7 0 1 1 0 0 0 0 0 59
10 2 6 0 1 1 0 0 0 0 0 85
7 6 5 0 1 0 0 0 0 0 1 251
11 7 6 0 1 0 0 0 0 0 1 248
9 3 6 0 1 1 0 0 0 0 0 118
13 7 6 0 1 1 0 0 0 0 0 68
8 3 6 0 1 0 0 0 0 0 1 281
9 6 6 0 1 0 0 0 0 0 1 167
12 9 5 1 0 0 0 0 0 0 1 868
13 6 6 0 1 0 0 0 0 0 1 203
6 7 6 1 0 0 0 0 0 0 1 267
7 9 4 1 0 0 0 0 0 0 1 861
10 3 5 0 1 0 0 0 0 0 1 291
12 5 4 2 0 0 0 0 0 0 1 1054
13 3 5 0 1 0 0 0 0 0 1 210
6 3 6 0 1 0 0 0 0 0 1 282
7 5 5 1 0 0 0 0 0 0 1 933
12 4 3 1 0 0 0 0 0 0 1 1220
12 8 4 1 0 0 0 0 0 0 1 1095
8 4 4 1 0 0 0 0 0 0 1 914
6 6 5 0 1 0 0 0 0 0 1 311
9 2 6 0 1 0 0 0 0 0 1 281
8 5 4 1 0 0 0 0 0 0 1 777
13 2 7 0 1 0 0 0 0 0 1 263
11 4 3 1 0 0 0 0 0 0 1 1107
6 2 5 0 1 0 0 0 0 0 1 298
7 4 4 1 0 0 0 0 0 0 1 1019
8 9 4 1 0 0 0 0 0 0 1 993
8 5 5 0 0 0 0 1 0 0 0 46
8 9 5 0 0 0 0 1 0 0 0 1
10 5 4 2 0 0 0 0 0 0 1 1081
11 5 4 1 0 0 0 0 0 0 1 1019
8 8 4 1 0 0 0 0 0 0 1 876
7 9 5 1 0 0 0 0 0 0 1 219
12 9 6 1 0 0 0 0 0 0 1 272
13 4 5 1 0 0 0 0 0 0 1 969
10 8 5 1 0 0 0 0 0 0 1 1006
13 5 4 1 0 0 0 0 0 0 1 1175
10 4 4 1 0 0 0 0 0 0 1 1098
13 8 4 1 0 0 0 0 0 0 1 1207
10 9 4 1 0 0 0 0 0 0 1 1065
9 5 4 1 0 0 0 0 0 0 1 1066
11 8 4 1 0 0 0 0 0 0 1 1133
12 5 5 1 0 0 0 0 0 0 1 266
11 9 4 1 0 0 0 0 0 0 1 1248
9 4 4 1 0 0 0 0 0 0 1 1082
11 4 4 1 0 0 0 0 0 0 1 180
11 4 4 0 0 0 0 1 0 0 0 2
11 8 5 0 0 0 0 1 0 0 0 27
9 9 4 1 0 0 0 0 0 0 1 978
9 8 4 1 0 0 0 0 0 0 1 1122
7 5 6 1 0 0 0 0 0 0 1 240
13 9 4 1 0 0 0 0 0 0 1 1268
12 4 4 1 0 0 0 0 0 0 1 257
6 9 4 1 0 0 0 0 0 0 1 1053
8 4 5 1 0 0 0 0 0 0 1 249
7 4 5 1 0 0 0 0 0 0 1 224
8 9 6 1 0 0 0 0 0 0 1 201
12 8 5 1 0 0 0 0 0 0 1 266
11 5 5 1 0 0 0 0 0 0 1 191
6 4 4 1 0 0 0 0 0 0 1 1130
10 5 5 1 0 0 0 0 0 0 1 264
8 5 6 1 0 0 0 0 0 0 1 276
10 8 6 2 0 0 0 0 0 0 1 219
8 8 5 1 0 0 0 0 0 0 1 281
10 4 5 1 0 0 0 0 0 0 1 215
6 8 4 1 0 0 0 0 0 0 1 1282
12 9 7 0 1 0 0 0 0 0 1 236
13 4 6 1 0 0 0 0 0 0 1 244
11 4 5 1 0 0 0 0 0 0 1 179
12 5 6 0 1 0 0 0 0 0 1 214
11 9 5 1 0 0 0 0 0 0 1 217
6 5 4 1 0 0 0 0 0 0 1 1263
9 5 5 1 0 0 0 0 0 0 1 227
13 8 5 1 0 0 0 0 0 0 1 255
10 9 5 1 0 0 0 0 0 0 1 232
13 5 5 1 0 0 0 0 0 0 1 268
8 5 7 0 1 1 0 0 0 0 0 88
9 4 5 1 0 0 0 0 0 0 1 243
7 9 6 1 0 0 0 0 0 0 1 317
7 5 7 0 1 0 0 0 0 0 1 225
9 8 5 1 0 0 0 0 0 0 1 236
9 9 5 1 0 0 0 0 0 0 1 258
11 8 6 1 0 0 0 0 0 0 1 266
13 9 5 1 1 0 0 0 0 0 1 248
8 4 6 0 1 0 0 0 0 0 1 236
7 4 6 0 1 0 0 0 0 0 1 245
11 5 6 0 2 0 0 0 0 0 1 246
8 9 7 0 1 0 0 0 0 0 1 267
13 5 6 0 1 1 0 0 0 0 0 106
6 9 5 1 0 0 0 0 0 0 1 282
11 8 7 0 1 1 0 0 0 0 0 58
6 4 5 1 0 0 0 0 0 0 1 277
10 4 6 0 1 0 0 0 0 0 1 213
6 8 5 1 0 0 0 0 0 0 1 210
13 4 7 0 1 0 0 0 0 0 1 232
6 5 5 1 0 0 0 0 0 0 1 213
12 6 6 1 0 0 0 0 0 0 1 850
11 9 6 0 1 0 0 0 0 0 1 223
12 2 7 1 0 0 0 0 0 0 1 1019
9 8 6 0 1 0 0 0 0 0 1 181
12 2 7 0 0 0 0 1 0 0 0 4
12 6 7 0 0 0 0 1 0 0 0 17
12 7 8 1 0 0 0 0 0 0 1 1109
9 9 6 0 2 0 0 0 0 0 1 170
10 8 7 0 1 0 0 0 0 0 1 287
10 9 6 0 1 0 0 0 0 0 1 244
10 5 6 0 1 0 0 0 0 0 1 335
13 8 6 0 1 0 0 0 0 0 1 261
11 4 6 0 1 0 0 0 0 0 1 305
12 3 7 1 0 0 0 0 0 0 1 1066
9 5 6 0 1 0 0 0 0 0 1 293
6 9 6 0 1 0 0 0 0 0 1 202
9 4 6 0 1 0 0 0 0 0 1 290
8 6 7 1 0 0 0 0 0 0 1 974
8 2 6 1 0 0 0 0 0 0 1 1096
12 2 8 1 0 0 0 0 0 0 1 166
6 4 6 0 1 0 0 0 0 0 1 226
13 2 8 1 0 0 0 0 0 0 1 794
7 7 5 1 0 0 0 0 0 0 1 1134
8 3 7 1 0 0 0 0 0 0 1 978
6 5 6 0 1 0 0 0 0 0 1 206
8 7 6 1 0 0 0 0 0 0 1 1159
12 6 8 1 0 0 0 0 0 0 1 189
6 8 6 0 1 0 0 0 0 0 1 249
7 3 7 1 0 0 0 0 0 0 1 1246
11 2 7 1 0 0 0 0 0 0 1 1073
11 3 8 1 0 0 0 0 0 0 1 1061
7 6 6 1 0 0 0 0 0 0 1 1061
11 6 7 1 0 0 0 0 0 0 1 1127
7 2 6 1 0 0 0 0 0 0 1 1196
10 2 7 1 0 0 0 0 0 0 1 1104
9 2 7 1 0 0 0 0 0 0 1 904
10 7 6 1 0 0 0 0 0 0 1 1178
12 7 9 1 0 0 0 0 0 0 1 282
11 7 7 1 0 0 0 0 0 0 1 1122
13 3 6 1 0 0 0 0 0 0 1 1015
13 7 7 1 0 0 0 0 0 0 1 1111
13 6 7 1 0 0 0 0 0 0 1 1071
12 3 8 0 1 0 0 0 0 0 1 251
9 7 6 1 0 0 0 0 0 0 1 1184
8 6 8 1 0 0 0 0 0 0 1 230
9 6 7 1 0 0 0 0 0 0 1 1123
9 3 7 1 0 0 0 0 0 0 1 1169
6 3 7 1 0 0 0 0 0 0 1 1059
10 6 7 1 0 0 0 0 0 0 1 1226
8 3 8 1 0 0 0 0 0 0 1 200
13 2 9 2 0 0 0 0 0 0 1 213
10 3 6 1 0 0 0 0 0 0 1 1121
8 2 7 1 0 0 0 0 0 0 1 270
7 6 7 1 0 0 0 0 0 0 1 187
12 6 9 0 1 0 0 0 0 0 1 232
6 7 7 1 0 0 0 0 0 0 1 1166
7 7 6 1 0 0 0 0 0 0 1 271
7 3 8 1 0 0 0 0 0 0 1 254
10 2 8 1 0 0 0 0 0 0 1 193
12 2 9 0 1 0 0 0 0 0 1 286
10 7 7 1 0 0 0 0 0 0 1 185
8 7 7 1 0 0 0 0 0 0 1 274
9 2 8 1 0 0 0 0 0 0 1 202
6 2 6 1 0 0 0 0 0 0 1 1099
13 7 8 0 1 0 0 0 0 0 1 188
11 2 8 2 0 0 0 0 0 0 1 292
11 3 9 1 0 0 0 0 0 0 1 303
7 2 7 1 0 0 0 0 0 0 1 274
13 6 8 0 1 0 0 0 0 0 1 226
11 6 8 1 0 0 0 0 0 0 1 307
6 6 6 1 0 0 0 0 0 0 1 1174
6 2 7 0 0 0 0 1 0 0 0 55
6 6 6 0 0 0 0 1 0 0 0 1
9 6 8 1 0 0 0 0 0 0 1 218
11 7 8 1 0 0 0 0 0 0 1 273
8 6 9 0 1 0 0 0 0 0 1 244
8 2 8 0 1 0 0 0 0 0 1 201
9 7 7 1 0 0 0 0 0 0 1 291
6 3 8 2 0 0 0 0 0 0 1 243
11 2 9 0 1 0 0 1 0 0 0 117
11 3 10 0 1 0 0 1 0 0 0 105
10 6 8 1 0 0 0 0 0 0 1 247
7 6 8 0 1 0 0 0 0 0 1 216
9 3 8 1 0 0 0 0 0 0 1 276
12 4 5 1 0 0 0 0 0 0 1 1030
13 2 10 0 1 0 0 0 0 0 1 250
6 7 8 1 0 0 0 0 0 0 1 210
8 3 9 0 1 0 0 0 0 0 1 267
13 3 7 0 1 0 0 0 0 0 1 344
10 3 7 1 0 0 0 0 0 0 1 249
7 3 9 0 1 0 0 0 0 0 1 219
8 7 8 0 1 0 0 0 0 0 1 211
9 2 9 0 1 0 0 0 0 0 1 199
10 2 9 1 0 0 0 0 0 0 1 240
10 7 8 1 0 0 0 0 0 0 1 239
12 8 6 2 0 0 0 0 0 0 1 1079
12 5 7 1 0 0 0 0 0 0 1 958
7 7 7 0 1 0 0 0 0 0 1 280
12 9 8 1 0 0 0 0 0 0 1 992
9 6 9 0 1 0 0 0 0 0 1 174
6 6 7 1 0 0 0 0 0 0 1 198
6 2 8 1 0 0 0 0 0 0 1 235
11 6 9 0 1 0 0 0 0 0 1 258
6 7 9 1 1 0 0 0 0 0 1 185
7 5 8 1 0 0 0 0 0 0 1 1010
10 6 9 0 1 0 0 0 0 0 1 211
12 4 6 1 0 0 0 0 0 0 1 209
7 8 2 1 0 0 0 0 0 0 1 837
6 3 9 1 0 0 0 0 0 0 1 235
7 9 7 1 0 0 0 0 0 0 1 1037
11 7 9 0 1 0 0 0 0 0 1 274
7 4 7 1 0 0 0 0 0 0 1 995
13 5 7 1 0 0 0 0 0 0 1 997
13 9 6 1 0 0 0 0 0 0 1 1051
10 3 8 0 1 0 0 0 0 0 1 254
9 9 7 2 0 0 0 0 0 0 1 917
8 5 8 1 0 0 0 0 0 0 1 1144
8 8 6 1 0 0 0 0 0 0 1 1201
13 4 8 1 0 0 0 0 0 0 1 952
12 5 8 1 0 0 0 0 0 0 1 219
6 6 8 0 1 0 0 0 0 0 1 194
8 4 7 1 0 0 0 0 0 0 1 1101
11 4 7 1 0 0 0 0 0 0 1 890
9 8 7 1 0 0 0 0 0 0 1 956
9 5 7 1 0 0 0 0 0 0 1 908
11 9 7 1 0 0 0 0 0 0 1 994
12 9 9 1 0 0 0 0 0 0 1 258
11 5 7 1 0 0 0 0 0 0 1 1115
12 8 7 1 0 0 0 0 0 0 1 284
6 2 9 0 1 0 0 0 0 0 1 226
13 8 7 1 0 0 0 0 0 0 1 975
8 9 8 1 0 0 0 0 0 0 1 1125
9 4 7 1 0 0 0 0 0 0 1 929
6 3 10 0 1 0 0 0 0 0 1 198
13 5 8 1 0 0 0 0 0 0 1 192
11 8 8 1 0 0 0 0 0 0 1 1199
10 4 7 1 0 0 0 0 0 0 1 1162
7 8 3 1 0 0 0 0 0 0 1 274
12 4 7 1 0 0 0 0 0 0 1 276
7 5 9 1 0 0 0 0 0 0 1 298
10 5 7 1 0 0 0 0 0 0 1 1103
9 9 8 1 0 0 0 0 0 0 1 215
12 5 9 0 1 0 0 0 0 0 1 201
13 9 7 1 0 0 0 0 0 0 1 249
7 9 8 1 0 0 0 0 0 0 1 299
8 8 7 1 0 0 0 0 0 0 1 232
9 8 8 1 0 0 0 0 0 0 1 219
13 4 9 1 0 0 0 0 0 0 1 247
11 5 8 1 0 0 0 0 0 0 1 195
8 4 8 1 0 0 0 0 0 0 1 237
12 9 10 0 1 0 0 0 0 0 1 201
11 4 8 1 0 0 0 0 0 0 1 244
7 4 8 1 0 0 0 0 0 0 1 334
13 8 8 0 1 0 0 0 0 0 1 185
13 4 10 0 0 0 0 1 0 0 0 17
13 8 9 0 0 0 0 1 0 0 0 1
8 5 9 1 0 0 0 0 0 0 1 269
10 9 7 1 0 0 0 0 0 0 1 1184
9 4 8 0 1 0 0 0 0 0 1 196
10 8 8 1 0 0 0 0 0 0 1 1211
9 5 8 1 0 0 0 0 0 0 1 255
8 9 9 1 0 0 0 0 0 0 1 221
6 8 7 1 0 0 0 0 0 0 1 1078
13 5 9 0 1 0 0 0 0 0 1 206
12 8 8 0 1 0 0 0 0 0 1 308
9 4 9 0 1 1 0 0 0 0 0 74
6 4 7 1 0 0 0 0 0 0 1 1139
9 9 9 0 1 0 0 0 0 0 1 173
6 5 7 1 0 0 0 0 0 0 1 1130
8 9 10 0 1 1 0 0 0 0 0 105
11 8 9 1 0 0 0 0 0 0 1 248
7 8 4 0 1 0 0 0 0 0 1 234
7 9 9 0 1 0 0 0 0 0 1 209
6 9 7 1 0 0 0 0 0 0 0 1280
13 9 8 0 1 0 0 0 0 0 1 230
10 4 8 1 0 0 0 0 0 0 1 269
8 8 8 0 1 0 0 0 0 0 1 213
7 5 10 0 1 0 0 0 0 0 1 259
7 4 9 0 1 0 0 0 0 0 1 211
10 9 8 0 1 0 0 0 0 0 1 215
10 8 9 1 1 0 0 0 0 0 1 197
11 4 9 1 0 0 0 0 0 0 1 233
9 8 9 0 1 0 0 0 0 0 1 258
11 5 9 1 0 0 0 0 0 0 1 254
8 4 9 0 1 0 0 0 0 0 1 266
8 5 10 0 1 0 0 0 0 0 1 263
12 2 10 1 0 0 0 0 0 0 1 1022
10 5 8 1 1 0 0 0 0 0 1 350
11 9 8 1 0 0 0 0 0 0 0 533
6 8 8 1 0 0 0 0 0 0 1 249
12 6 10 1 0 0 0 0 0 0 1 1112
12 7 10 1 0 0 0 0 0 0 1 1253
12 3 9 2 0 0 0 0 0 0 1 1230
7 2 8 1 0 0 0 0 0 0 1 1078
11 8 10 0 1 0 0 0 0 0 1 248
9 6 10 1 0 0 0 0 0 0 1 858
10 4 9 0 1 0 0 0 0 0 1 226
6 4 8 1 0 0 0 0 0 0 1 296
6 5 8 1 0 0 0 0 0 0 1 286
11 7 10 0 0 0 1 0 0 0 0 774
13 3 8 1 0 0 0 0 0 0 1 981
8 6 10 1 0 0 0 0 0 0 1 1055
6 9 8 1 0 0 0 0 0 0 1 270
9 2 10 1 0 0 0 0 0 0 1 967
9 3 9 1 0 0 0 0 0 0 1 1016
11 4 10 0 1 0 0 0 0 0 1 223
13 2 11 1 0 0 0 0 0 0 1 1013
13 7 9 1 0 0 0 0 0 0 1 1164
9 7 8 1 0 0 0 0 0 0 1 1051
8 3 10 1 0 0 0 0 0 0 1 1016
7 7 8 1 0 0 0 0 0 0 1 946
13 6 9 1 0 0 0 0 0 0 1 1144
13 2 12 0 0 0 0 1 0 0 0 30
13 6 9 0 0 0 0 1 0 0 0 1
7 6 9 1 0 0 0 0 0 0 1 1055
7 3 10 1 0 0 0 0 0 0 1 1015
8 2 9 2 0 0 0 0 0 0 1 1087
12 2 11 1 0 0 0 0 0 0 1 245
6 8 9 0 1 0 0 0 0 0 1 226
8 7 9 1 0 0 0 0 0 0 1 1089
7 2 9 1 0 0 0 0 0 0 1 199
12 3 10 1 0 0 0 0 0 0 1 243
12 7 11 1 0 0 0 0 0 0 1 253
12 3 11 0 0 0 0 1 0 0 0 5
12 7 11 0 0 0 0 1 0 0 0 1
12 6 11 1 0 0 0 0 0 0 1 265
10 3 9 1 0 0 0 0 0 0 1 906
9 6 11 1 0 0 0 0 0 0 1 223
11 3 11 1 0 0 0 0 0 0 1 1210
11 2 10 1 0 0 0 0 0 0 1 1221
11 7 11 1 0 0 0 0 0 0 1 209
6 9 9 0 1 0 0 0 0 0 1 207
10 2 10 1 0 0 0 0 0 0 1 1161
9 7 9 1 0 0 0 0 0 0 1 206
13 3 9 1 0 0 0 0 0 0 1 237
6 5 9 0 1 0 0 0 0 0 1 272
7 6 10 1 0 0 0 0 0 0 1 201
6 4 9 0 1 0 0 0 0 0 1 287
10 6 10 1 0 0 0 0 0 0 1 1064
7 7 9 1 0 0 0 0 0 0 1 229
9 3 10 1 0 0 0 0 0 0 1 257
8 6 11 1 0 0 0 0 0 0 1 260
9 2 11 1 0 0 0 0 0 0 1 270
12 3 12 0 1 1 0 0 0 0 0 119
13 2 13 1 0 0 0 0 0 0 1 240
11 6 10 1 0 0 0 0 0 0 1 1120
8 3 11 1 0 0 0 0 0 0 1 257
13 6 10 1 0 0 0 0 0 0 1 249
7 3 11 1 0 0 0 0 0 0 1 275
8 2 10 1 0 0 0 0 0 0 1 275
13 7 10 1 0 0 0 0 0 0 1 322
7 2 10 1 0 0 0 0 0 0 1 199
12 2 12 0 1 0 0 0 0 0 1 274
10 3 10 2 0 0 0 0 0 0 1 187
12 7 12 0 1 0 0 0 0 0 1 218
10 7 9 1 0 0 0 0 0 0 0 1338
11 2 11 1 0 0 0 0 0 0 1 210
8 7 10 1 0 0 0 0 0 0 1 287
9 6 12 1 1 0 0 0 0 0 1 234
6 3 11 1 0 0 0 0 0 0 1 1014
10 2 11 1 0 0 0 0 0 0 1 213
11 3 12 1 0 0 0 0 0 0 1 244
6 6 9 1 0 0 0 0 0 0 1 1129
6 7 10 1 0 0 0 0 0 0 1 1251
11 7 12 1 0 0 0 0 0 0 1 250
8 6 12 0 1 0 0 0 0 0 1 189
7 6 11 0 1 0 0 0 0 0 1 235
9 3 11 0 1 0 0 0 0 0 1 222
13 3 10 0 1 0 0 0 0 0 1 268
8 7 11 0 0 1 0 0 0 0 0 89
11 6 11 1 0 0 0 0 0 0 1 221
8 3 12 0 1 0 0 0 0 0 1 223
6 2 10 1 0 0 0 0 0 0 1 1137
9 7 10 0 1 0 0 0 0 0 1 280
13 6 11 0 1 0 0 0 0 0 1 232
10 6 11 1 0 0 0 0 0 0 1 271
13 2 14 0 1 0 0 0 0 0 1 251
7 7 10 0 1 0 0 0 0 0 1 284
8 2 11 0 1 0 0 0 0 0 1 230
7 2 11 0 1 0 0 0 0 0 1 239
12 4 8 1 0 0 0 0 0 0 1 1123
12 5 10 1 0 0 0 0 0 0 1 1105
10 3 11 0 1 0 0 0 0 0 1 255
6 6 10 1 0 0 0 0 0 0 1 188
7 3 12 0 1 0 0 0 0 0 1 302
9 2 12 0 1 0 0 0 0 0 1 355
6 3 12 1 0 0 0 0 0 0 1 219
10 2 12 0 1 0 0 0 0 0 1 243
12 9 11 1 0 0 0 0 0 0 1 1122
6 7 11 1 0 0 0 0 0 0 1 255
11 2 12 0 1 0 0 0 0 0 1 286
11 3 13 0 1 0 0 0 0 0 1 273
12 8 9 1 0 0 0 0 0 0 1 1056
6 2 11 1 0 0 0 0 0 0 1 211
9 9 10 1 0 0 0 0 0 0 1 1057
10 7 10 0 1 0 0 0 0 0 1 331
13 9 9 1 0 0 0 0 0 0 1 999
13 8 10 1 0 0 0 0 0 0 1 1180
11 6 12 0 1 0 0 0 0 0 1 238
9 4 10 1 0 0 0 0 0 0 1 1114
11 7 13 0 1 0 0 0 0 0 1 329
13 5 10 1 0 0 0 0 0 0 0 1140
13 4 11 1 0 0 0 0 0 0 1 1229
7 8 5 1 0 0 0 0 0 0 1 1087
7 5 11 1 0 0 0 0 0 0 1 1063
8 9 11 1 0 0 0 0 0 0 1 1105
12 5 11 1 0 0 0 0 0 0 1 219
7 9 10 1 0 0 0 0 0 0 1 1121
7 4 10 1 0 0 0 0 0 0 1 1074
6 6 11 0 1 0 0 0 0 0 1 225
8 8 9 1 0 0 0 0 0 0 1 1115
12 4 9 1 0 0 0 0 0 0 1 254
11 5 10 1 0 0 0 1 0 0 0 1066
11 9 9 1 0 0 0 1 0 0 0 986
13 2 15 0 0 0 0 1 0 0 0 335
13 6 12 0 0 0 0 1 0 0 0 345
9 5 9 1 0 0 0 0 0 0 1 1276
12 9 12 1 0 0 0 0 0 0 1 235
10 8 10 1 0 0 0 0 0 0 1 1135
10 9 9 1 0 0 0 0 0 0 1 1144
8 5 11 1 0 0 0 0 0 0 1 1103
12 8 10 1 0 0 0 0 0 0 1 212
8 4 10 1 0 0 0 0 0 0 1 1118
13 8 11 1 0 0 0 0 0 0 1 202
10 4 10 1 0 0 0 0 0 0 1 977
6 7 12 0 1 0 0 0 0 0 1 259
6 2 12 0 1 0 0 0 0 0 1 232
6 3 13 0 1 0 0 0 0 0 1 310
10 5 9 1 0 0 0 0 0 0 1 1111
9 8 10 1 0 0 0 0 0 0 0 1183
11 8 11 1 0 0 0 0 0 0 1 1026
11 4 11 1 0 0 0 0 0 0 1 992
7 5 12 1 0 0 0 0 0 0 1 211
9 9 11 1 0 0 0 0 0 0 1 300
9 4 11 1 0 0 0 0 0 0 1 262
11 9 10 1 0 0 0 0 0 0 1 182
13 5 11 1 0 0 0 0 0 0 1 268
8 8 10 1 0 0 0 0 0 0 1 216
8 9 12 1 0 0 0 0 0 0 1 265
13 9 10 1 0 0 0 0 0 0 0 338
8 5 12 1 0 0 0 0 0 0 1 152
13 4 12 1 0 0 0 0 0 0 1 292
7 8 6 1 0 0 0 0 0 0 1 280
11 5 11 1 0 0 0 0 0 0 1 232
7 4 11 1 0 0 0 0 0 0 1 262
12 5 12 0 1 0 0 0 0 0 1 279
12 4 10 0 1 0 0 0 0 0 1 250
12 8 11 0 1 0 0 0 0 0 1 190
9 5 10 1 1 0 0 0 0 0 1 276
8 4 11 1 0 0 0 0 0 0 1 214
7 9 11 1 0 0 0 0 0 0 1 308
10 4 11 1 0 0 0 0 0 0 1 212
13 8 12 0 1 0 0 0 0 0 1 215
10 8 11 1 0 0 0 0 0 0 1 243
10 9 10 1 0 0 0 0 0 0 1 241
6 8 10 1 0 0 0 0 0 0 1 1066
12 9 13 0 1 0 0 0 0 0 1 276
10 5 10 1 0 0 0 0 0 0 1 243
7 5 13 0 1 0 0 0 0 0 1 192
8 9 13 0 1 1 0 0 0 0 0 139
9 8 11 0 1 0 0 0 0 0 1 252
11 8 12 1 0 0 0 0 0 0 1 249
6 9 10 1 0 0 0 0 0 0 1 1023
6 5 10 1 0 0 0 0 0 0 1 1009
9 9 12 0 1 0 0 0 0 0 1 239
6 4 10 1 0 0 0 0 0 0 1 1035
11 9 11 1 0 0 0 0 0 0 1 248
7 8 7 0 1 0 0 0 0 0 1 227
13 5 12 0 1 0 0 0 0 0 1 270
8 5 13 0 1 0 0 0 0 0 1 252
11 4 12 1 0 0 0 0 0 0 1 335
11 5 12 1 0 0 0 0 0 0 1 255
13 9 11 0 1 0 0 0 0 0 1 289
13 5 13 0 0 0 0 1 0 0 0 38
13 9 11 0 0 0 0 1 0 0 0 1
10 8 12 0 1 0 0 0 0 0 1 202
8 8 11 0 1 0 0 0 0 0 1 299
7 4 12 0 1 0 0 0 0 0 1 281
12 7 13 1 0 0 0 0 0 0 1 1011
12 3 13 1 0 0 0 0 0 0 1 1120
12 3 13 0 0 0 0 1 0 0 0 2
12 7 14 0 0 0 0 1 0 0 0 12
10 9 11 0 1 0 0 0 0 0 1 238
9 3 12 1 0 0 0 0 0 0 1 922
11 8 13 0 1 0 0 0 0 0 1 202
9 7 11 1 0 0 0 0 0 0 1 930
6 8 11 1 0 0 0 0 0 0 1 261
12 6 12 1 0 0 0 0 0 0 1 1291
12 2 13 1 0 0 0 0 0 0 1 1099
8 6 13 1 0 0 0 0 0 0 1 1012
9 6 13 1 0 0 0 0 0 0 1 1051
13 2 16 1 0 0 0 0 0 0 1 608
9 2 13 1 0 0 0 0 0 0 1 847
11 8 14 0 0 1 0 0 0 0 0 68
8 3 13 1 0 0 0 0 0 0 1 996
13 7 11 1 0 0 0 0 0 0 1 1169
6 4 11 0 1 0 0 0 0 0 1 224
13 6 13 1 0 0 0 0 0 0 1 653
6 9 11 1 0 0 0 0 0 0 1 293
10 4 12 0 1 0 0 0 0 0 0 381
10 5 11 0 1 0 0 0 0 0 1 347
6 5 11 0 1 0 0 0 0 0 1 305
7 6 12 1 0 0 0 0 0 0 1 1083
8 2 12 1 0 0 0 0 0 0 1 1003
8 7 12 1 0 0 0 0 0 0 1 1072
11 4 13 0 1 0 0 1 0 0 0 242
11 5 13 0 1 0 0 1 0 0 0 227
13 3 11 1 0 0 0 0 0 0 1 1083
11 9 12 0 1 0 0 0 0 0 1 285
7 2 12 1 0 0 0 0 0 0 1 1012
7 3 13 1 0 0 0 0 0 0 1 1002
7 7 11 1 0 0 0 0 0 0 1 1124
13 2 17 1 0 0 0 0 0 0 1 199
9 7 12 1 0 0 0 0 0 0 1 239
12 7 15 1 0 0 0 0 0 0 1 281
10 7 11 1 0 0 0 0 0 0 1 949
9 3 13 1 0 0 0 0 0 0 1 276
12 2 14 1 0 0 0 0 0 0 1 246
9 2 14 1 0 0 0 0 0 0 1 226
12 3 14 1 0 0 0 0 0 0 1 306
8 6 14 1 0 0 0 0 0 0 1 238
9 6 14 1 0 0 0 0 0 0 1 245
12 6 13 1 0 0 0 0 0 0 1 261
6 8 12 0 1 0 0 0 0 0 1 277
13 7 12 1 0 0 0 0 0 0 1 207
10 6 12 1 0 0 0 0 0 0 1 1195
11 7 14 1 0 0 0 0 0 0 1 958
10 3 12 1 0 0 0 0 0 0 1 1124
10 2 13 1 0 0 0 0 0 0 1 1081
8 7 13 1 0 0 0 0 0 0 1 198
11 6 13 1 0 0 0 0 0 0 1 1032
7 6 13 1 0 0 0 0 0 0 1 230
8 3 14 1 0 0 0 0 0 0 1 291
11 2 13 1 0 0 0 0 0 0 1 1106
11 3 14 1 0 0 0 0 0 0 1 1097
13 6 14 1 0 0 0 0 0 0 1 293
13 3 12 1 0 0 0 0 0 0 1 249
8 2 13 1 0 0 0 0 0 0 1 274
9 3 14 0 1 0 0 0 0 0 1 181
6 7 13 1 0 0 0 0 0 0 1 919
7 7 12 1 0 0 0 0 0 0 1 205
7 2 13 1 0 0 0 0 0 0 1 276
9 7 13 0 1 0 0 0 0 0 1 202
6 6 12 1 0 0 0 0 0 0 1 1045
10 6 13 1 0 0 0 0 0 0 1 185
11 7 15 1 0 0 0 0 0 0 1 172
10 7 12 1 0 0 0 0 0 0 1 237
8 6 15 0 1 0 0 0 0 0 1 217
9 6 15 0 1 0 0 0 0 0 1 221
12 3 15 0 1 0 0 0 0 0 1 229
12 6 14 0 1 0 0 0 0 0 1 219
7 3 14 1 0 0 0 0 0 0 1 309
13 7 13 0 1 0 0 0 0 0 1 242
13 2 18 0 1 0 0 0 0 0 1 293
10 2 14 1 0 0 0 0 0 0 1 233
11 6 14 1 0 0 0 0 0 0 1 214
11 2 14 1 0 0 0 0 0 0 1 188
8 3 15 0 1 0 0 0 0 0 1 201
12 2 15 0 1 0 0 0 0 0 1 296
7 6 14 0 1 0 0 0 0 0 1 217
6 2 13 1 0 0 0 0 0 0 1 1063
10 3 13 1 0 0 0 0 0 0 1 276
7 3 15 0 1 1 0 0 0 0 0 95
6 3 14 1 0 0 0 0 0 0 1 1081
8 2 14 0 1 0 0 0 0 0 1 197
8 7 14 0 1 0 0 0 0 0 1 266
12 7 16 0 1 0 0 0 0 0 1 362
7 7 13 0 1 0 0 0 0 0 1 198
11 3 15 1 0 0 0 0 0 0 1 278
7 2 14 0 1 0 0 0 0 0 1 224
10 7 13 1 1 0 0 0 0 0 1 182
6 6 13 1 0 0 0 0 0 0 1 234
6 7 14 1 0 0 0 0 0 0 1 263
11 7 16 1 1 0 0 0 0 0 1 242
9 4 12 1 0 0 0 0 0 0 1 1123
9 5 11 1 0 0 0 0 0 0 1 1018
13 8 13 1 0 0 0 0 0 0 1 1010
9 9 13 1 0 0 0 0 0 0 1 909
10 6 14 0 1 0 0 0 0 0 1 275
9 5 12 0 0 0 0 1 0 0 0 18
9 9 13 0 0 0 0 1 0 0 0 1
13 5 14 1 0 0 0 0 0 0 1 854
11 2 15 0 1 0 0 0 0 0 1 234
12 5 13 1 0 0 0 0 0 0 1 1119
12 4 11 1 0 0 0 0 0 0 1 1115
11 6 15 0 1 0 0 0 0 0 1 242
13 4 13 1 0 0 0 0 0 0 1 1149
13 9 12 1 0 0 0 0 0 0 1 866
8 4 12 1 0 0 0 0 0 0 1 1097
9 8 12 1 0 0 0 0 0 0 1 1014
8 5 14 1 0 0 0 0 0 0 1 926
6 2 14 0 1 0 0 0 0 0 1 246
6 3 15 0 1 0 0 0 0 0 1 265
6 6 14 0 1 0 0 0 0 0 1 190
12 9 14 1 0 0 0 0 0 0 1 1151
10 3 14 0 1 0 0 0 0 0 1 320
11 3 16 0 1 0 0 0 0 0 1 262
7 5 14 1 0 0 0 0 0 0 1 1140
12 8 12 1 0 0 0 0 0 0 1 1233
8 8 12 1 0 0 0 0 0 0 1 983
9 4 13 1 0 0 0 0 0 0 1 202
7 4 13 1 0 0 0 0 0 0 1 981
13 8 14 1 0 0 0 0 0 0 1 204
8 9 14 1 0 0 0 0 0 0 1 1160
12 4 12 1 0 0 0 1 0 0 0 147
12 5 14 1 0 0 0 1 0 0 0 148
10 2 15 0 1 0 0 0 0 0 1 391
7 8 8 1 0 0 0 0 0 0 1 1066
6 7 15 0 1 0 0 0 0 0 1 263
9 9 14 2 0 0 0 0 0 0 1 218
7 9 12 1 0 0 0 0 0 0 1 1251
9 5 13 1 0 0 0 0 0 0 1 227
13 5 15 1 0 0 0 0 0 0 1 197
13 4 14 1 0 0 0 0 0 0 1 209
11 8 15 1 0 0 0 0 0 0 1 974
9 8 13 1 1 0 0 0 0 0 1 235
13 9 13 1 0 0 0 0 0 0 1 252
8 5 15 1 0 0 0 0 0 0 1 232
6 4 12 1 0 0 0 1 0 0 0 1004
6 5 12 1 0 0 0 1 0 0 0 963
10 5 12 1 0 0 0 0 0 0 1 983
10 9 12 1 0 0 0 0 0 0 1 1132
6 8 13 1 0 0 0 0 0 0 1 825
11 5 14 1 0 0 0 0 0 0 1 964
9 8 14 0 1 1 0 0 0 0 0 65
7 9 13 1 0 0 0 0 0 0 1 146
8 4 13 1 0 0 0 0 0 0 1 308
10 4 13 1 0 0 0 0 0 0 1 1022
8 8 13 1 0 0 0 0 0 0 1 206
11 4 14 1 0 0 0 0 0 0 1 980
12 5 15 1 0 0 0 0 0 0 1 197
6 9 12 1 0 0 0 0 0 0 1 1041
12 9 15 1 0 0 0 0 0 0 1 238
7 5 15 1 0 0 0 0 0 0 1 230
11 9 13 1 0 0 0 0 0 0 1 1002
7 8 9 1 0 0 0 0 0 0 1 213
13 8 15 0 1 0 0 0 0 0 1 220
10 8 13 1 0 0 0 0 0 0 1 1228
12 4 13 1 1 0 0 0 0 0 1 230
12 8 13 0 1 0 0 0 0 0 1 275
8 9 15 1 0 0 0 0 0 0 1 258
9 4 14 0 1 0 0 0 0 0 1 272
7 4 14 1 0 0 0 0 0 0 1 277
13 4 15 0 1 0 0 0 0 0 1 219
9 5 14 0 1 0 0 0 0 0 1 254
12 4 14 0 0 1 0 0 0 0 0 66
12 5 16 0 0 1 0 0 0 0 0 100
8 4 14 0 1 1 0 0 0 0 0 123
12 8 14 0 0 1 0 0 0 0 0 66
9 9 15 0 1 0 0 0 0 0 1 307
6 5 13 1 0 0 0 0 0 0 1 189
11 8 16 1 0 0 0 0 0 0 1 238
13 9 14 0 1 0 0 0 0 0 1 239
13 5 16 0 1 0 0 0 0 0 0 316
6 4 13 1 0 0 0 0 0 0 1 221
11 5 15 1 0 0 0 0 0 0 1 215
8 5 16 0 1 0 0 0 0 0 1 275
10 8 14 1 0 0 0 0 0 0 1 178
10 9 13 1 0 0 0 0 0 0 1 247
7 8 10 0 1 0 0 0 0 0 1 205
6 8 14 1 0 0 0 0 0 0 1 266
8 8 14 0 1 0 0 0 0 0 1 248
11 4 15 1 0 0 0 0 0 0 1 258
12 9 16 0 1 0 0 0 0 0 1 251
9 2 15 1 0 0 0 0 0 0 1 1123
10 5 13 1 0 0 0 0 0 0 1 306
10 4 14 1 0 0 0 0 0 0 1 282
9 7 14 1 0 0 0 0 0 0 1 966
11 9 14 1 0 0 0 0 0 0 1 272
6 9 13 1 0 0 0 0 0 0 1 291
9 3 15 1 0 0 0 0 0 0 1 1002
7 9 14 0 1 0 0 0 0 0 1 344
7 5 16 0 1 0 0 0 0 0 1 328
6 4 14 0 1 0 0 0 0 0 1 183
9 6 16 1 0 0 0 0 0 0 1 1004
6 5 14 0 1 0 0 0 0 0 1 239
13 3 13 1 0 0 0 0 0 0 1 1117
13 2 19 1 0 0 0 0 0 0 1 986
11 8 17 0 1 0 0 0 0 0 1 241
7 4 15 0 1 0 0 0 0 0 1 316
10 8 15 0 1 0 0 0 0 0 1 200
10 9 14 0 1 0 0 0 0 0 1 196
12 3 16 1 0 0 0 0 0 0 1 1046
11 5 16 0 1 0 0 0 0 0 1 222
8 6 16 1 0 0 0 0 0 0 1 1075
8 2 15 1 0 0 0 0 0 0 1 985
12 6 15 1 0 0 0 0 0 0 1 1094
12 7 17 1 0 0 0 0 0 0 1 993
13 7 14 1 0 0 0 0 0 0 1 1075
6 8 15 0 1 0 0 0 0 0 1 233
13 6 15 1 0 0 0 0 0 0 1 1228
11 4 16 0 1 0 0 0 0 0 1 225
10 5 14 0 1 0 0 0 0 0 1 216
8 3 16 2 0 0 0 0 0 0 1 1078
8 7 15 1 0 0 0 0 0 0 1 1035
9 7 15 1 0 0 0 0 0 0 1 232
9 2 16 1 0 0 0 0 0 0 1 260
7 3 16 1 0 0 0 0 0 0 1 1091
13 3 14 1 0 0 0 0 0 0 1 179
10 4 15 0 1 0 0 0 0 0 1 289
10 4 16 0 0 0 0 1 0 0 0 2
10 8 16 0 0 0 0 1 0 0 0 159
11 6 16 1 0 0 0 0 0 0 1 911
9 3 16 1 0 0 0 0 0 0 1 274
12 2 16 1 0 0 0 0 0 0 0 1149
11 3 17 1 0 0 0 0 0 0 1 818
7 6 15 1 0 0 0 0 0 0 1 1156
9 6 17 1 0 0 0 0 0 0 1 238
13 2 20 1 0 0 0 0 0 0 1 236
7 2 15 1 0 0 0 0 0 0 1 1099
6 6 15 1 0 0 0 0 0 0 1 907
12 3 17 1 0 0 0 0 0 0 1 240
13 6 16 2 0 0 0 0 0 0 1 183
7 7 14 1 0 0 0 0 0 0 1 1157
13 7 15 1 0 0 0 0 0 0 1 207
8 6 17 1 0 0 0 0 0 0 1 251
11 2 16 1 0 0 0 0 0 0 1 1029
11 7 17 1 0 0 0 0 0 0 1 1105
9 6 18 0 1 1 0 0 0 0 0 83
10 6 15 1 0 0 0 0 0 0 1 1077
12 7 18 1 0 0 0 0 0 0 1 225
9 7 16 0 1 0 0 0 0 0 1 210
6 7 16 2 0 0 0 0 0 0 1 893
10 3 15 1 0 0 0 0 0 0 1 953
6 3 16 1 0 0 0 0 0 0 1 997
8 7 16 1 1 0 0 0 0 0 1 243
7 3 17 1 0 0 0 0 0 0 1 206
12 6 16 1 0 0 0 0 0 0 1 301
8 2 16 1 0 0 0 0 0 0 1 310
9 2 17 0 1 0 0 0 0 0 1 242
6 2 15 1 0 0 0 0 0 0 1 1070
10 7 14 1 0 0 0 0 0 0 1 1241
13 3 15 0 1 0 0 0 0 0 1 231
10 2 16 1 0 0 0 0 0 0 1 988
12 7 19 0 1 1 0 0 0 0 0 104
9 3 17 0 1 0 0 0 0 0 1 228
8 3 17 0 1 0 0 0 0 0 1 300
11 6 17 1 0 0 0 0 0 0 1 255
7 6 16 1 0 0 0 0 0 0 1 244
7 2 16 1 0 0 0 0 0 0 1 213
11 3 18 1 0 0 0 0 0 0 1 268
13 2 21 0 1 0 0 0 0 0 1 270
12 2 17 0 1 0 0 0 0 0 1 319
11 7 18 1 0 0 0 0 0 0 1 214
12 3 18 0 1 0 0 0 0 0 1 248
13 6 17 0 1 0 0 0 0 0 1 245
13 2 22 0 0 0 0 1 0 0 0 11
13 6 17 0 0 0 0 1 0 0 0 1
7 7 15 0 1 0 0 0 0 0 1 246
10 6 16 1 0 0 0 0 0 0 1 223
7 2 17 0 0 1 0 0 0 0 0 93
7 3 18 0 1 0 0 0 0 0 1 187
6 6 16 1 0 0 0 0 0 0 1 295
11 2 17 1 0 0 0 0 0 0 1 269
10 3 16 1 0 0 0 0 0 0 1 238
6 7 17 2 0 0 0 0 0 0 1 244
8 6 18 0 1 0 0 0 0 0 1 287
10 2 17 1 0 0 0 0 0 0 1 178
13 7 16 0 1 0 0 0 0 0 1 305
10 7 15 1 0 0 0 0 0 0 1 222
6 2 16 1 0 0 0 0 0 0 1 242
9 9 16 1 0 0 0 0 0 0 1 879
9 5 15 1 0 0 0 0 0 0 1 958
13 4 16 1 0 0 0 0 0 0 1 979
7 6 17 0 1 0 0 0 0 0 1 238
11 3 19 0 1 0 0 0 0 0 1 224
6 3 17 1 0 0 0 0 0 0 1 360
13 8 16 1 0 0 0 0 0 0 1 1068
9 8 15 1 0 0 0 0 0 0 1 1118
9 4 15 1 0 0 0 0 0 0 1 1027
9 4 15 0 0 0 0 1 0 0 0 1
9 8 15 0 0 0 0 1 0 0 0 1
11 6 18 0 1 0 0 0 0 0 1 285
12 4 15 1 0 0 0 0 0 0 1 1013
8 9 16 1 0 0 0 0 0 0 1 1053
11 7 19 0 1 0 0 0 0 0 1 215
13 9 15 1 0 0 0 0 0 0 1 974
10 6 17 2 0 0 0 0 0 0 1 248
8 4 15 1 0 0 0 0 0 0 1 1059
6 6 17 0 1 0 0 0 0 0 1 219
12 5 17 1 0 0 0 0 0 0 1 1070
12 9 17 1 0 0 0 0 0 0 1 921
13 5 17 1 0 0 0 0 0 0 1 1030
10 2 18 0 1 0 0 0 0 0 1 248
9 5 16 1 0 0 0 0 0 0 1 172
7 4 16 1 0 0 0 0 0 0 1 834
10 3 17 0 1 0 0 0 0 0 1 273
8 5 17 1 0 0 0 0 0 0 1 1038
13 4 17 1 0 0 0 0 0 0 1 167
10 7 16 0 1 0 0 0 0 0 1 239
6 2 17 0 1 0 0 0 0 0 1 249
12 8 15 1 0 0 0 0 0 0 0 1131
6 7 18 0 1 0 0 0 0 0 1 313
9 4 16 1 0 0 0 0 0 0 1 186
7 9 15 1 0 0 0 0 0 0 1 981
9 9 17 1 0 0 0 0 0 0 1 288
8 8 15 1 0 0 0 0 0 0 0 1068
12 4 16 1 0 0 0 0 0 0 1 196
13 8 17 2 0 0 0 0 0 0 1 221
7 5 17 1 0 0 0 0 0 0 1 976
11 5 17 1 0 0 0 0 0 0 1 908
9 8 16 1 0 0 0 0 0 0 1 227
11 4 17 1 0 0 0 0 0 0 1 867
7 8 11 1 0 0 0 0 0 0 1 1126
8 9 17 1 0 0 0 0 0 0 1 241
13 9 16 1 0 0 0 0 0 0 1 235
11 9 15 1 0 0 0 0 0 0 1 1076
6 8 16 1 0 0 0 0 0 0 1 914
11 8 18 1 0 0 0 0 0 0 0 1003
12 9 18 1 0 0 0 0 0 0 1 252
12 5 18 1 1 0 0 0 0 0 1 261
9 4 17 0 1 0 0 0 0 0 1 153
8 4 16 1 0 0 0 0 0 0 1 274
8 5 18 1 0 0 0 0 0 0 1 205
9 5 17 0 1 0 0 0 0 0 1 233
13 4 18 1 0 0 0 0 0 0 1 246
12 8 16 0 1 0 0 0 0 0 1 230
6 4 15 1 0 0 0 0 0 0 1 1142
13 5 18 1 0 0 0 0 0 0 1 305
6 9 14 1 0 0 0 0 0 0 1 1206
10 9 15 1 0 0 0 0 0 0 1 1088
6 5 15 1 0 0 0 0 0 0 1 1124
7 4 17 1 0 0 0 0 0 0 1 292
7 9 16 1 0 0 0 0 0 0 1 245
8 8 16 0 2 0 0 0 0 0 1 246
7 8 12 1 1 0 0 0 0 0 1 212
10 5 15 1 0 0 0 0 0 0 1 1080
9 8 17 0 1 0 0 0 0 0 1 248
12 4 17 0 1 0 0 0 0 0 1 261
6 8 17 1 0 0 0 0 0 0 1 191
10 8 17 2 0 0 0 0 0 0 1 1017
8 9 18 0 1 0 0 0 0 0 1 237
9 9 18 0 1 0 0 0 0 0 1 296
7 5 18 1 0 0 0 0 0 0 1 286
11 9 16 1 0 0 0 0 0 0 1 246
12 5 19 0 1 0 0 0 0 0 1 181
10 4 17 1 0 0 0 0 0 0 0 1063
11 5 18 1 0 0 0 0 0 0 1 306
13 8 18 0 2 0 0 0 0 0 1 324
8 4 17 0 1 0 0 0 0 0 1 228
11 4 18 1 0 0 0 0 0 0 1 326
13 9 17 0 1 0 0 0 0 0 1 321
13 4 19 0 1 0 0 0 0 0 1 208
6 4 16 1 0 0 0 0 0 0 1 205
13 5 19 0 1 0 0 0 0 0 1 223
8 5 19 0 1 0 0 0 0 0 1 288
11 8 19 1 0 0 0 0 0 0 1 341
6 9 15 1 0 0 0 0 0 0 1 231
10 9 16 1 0 0 0 0 0 0 1 235
6 5 16 1 0 0 0 0 0 0 1 254
7 9 17 0 1 0 0 0 0 0 1 233
6 8 18 1 1 0 0 0 0 0 1 206
10 8 18 1 0 0 0 0 0 0 1 216
12 7 20 1 0 0 0 0 0 0 1 1001
12 2 18 1 0 0 0 0 0 0 1 902
12 6 17 2 0 0 0 0 0 0 1 1050
11 8 20 0 1 1 0 0 0 0 0 81
9 6 19 1 0 0 0 0 0 0 1 1142
10 5 16 1 0 0 0 0 0 0 1 273
9 2 18 1 0 0 0 0 0 0 1 1075
7 4 18 0 1 0 0 0 0 0 1 351
11 9 17 0 1 0 0 0 0 0 1 265
12 3 19 1 0 0 0 0 0 0 1 975
9 3 18 1 0 0 0 0 0 0 1 1074
6 4 17 0 1 0 0 0 0 0 1 190
6 9 16 0 1 0 0 0 0 0 1 165
11 4 19 0 1 0 0 0 0 0 1 228
9 7 17 1 0 0 0 0 0 0 1 1181
10 4 18 0 1 0 0 0 0 0 1 286
11 5 19 0 1 0 0 0 0 0 1 302
13 3 16 1 0 0 0 0 0 0 1 1154
8 6 19 1 0 0 0 0 0 0 1 987
13 6 18 1 0 0 0 0 0 0 1 1054
8 7 17 1 0 0 0 0 0 0 1 1223
7 6 18 1 0 0 0 0 0 0 1 899
7 2 18 1 0 0 0 0 0 0 1 1046
7 3 19 1 0 0 0 0 0 0 1 1044
13 7 17 1 0 0 0 0 0 0 1 1014
10 9 17 0 1 0 0 0 0 0 1 263
13 2 23 1 0 0 0 0 0 0 1 1100
10 8 19 0 1 0 0 0 0 0 1 212
9 6 20 1 0 0 0 0 0 0 1 193
6 5 17 0 1 0 0 0 0 0 1 273
8 2 17 2 0 0 0 0 0 0 1 1273
12 7 21 1 0 0 0 0 0 0 1 241
6 8 19 0 1 0 0 0 0 0 1 256
12 2 19 1 0 0 0 0 0 0 1 239
8 3 18 2 0 0 0 0 0 0 0 1241
12 6 18 1 0 0 0 0 0 0 1 236
12 2 20 0 0 0 0 1 0 0 0 8
12 6 18 0 0 0 0 1 0 0 0 1
9 2 19 1 1 0 0 0 0 0 1 214
7 7 16 1 0 0 0 0 0 0 1 1166
12 3 20 0 1 0 0 0 0 0 1 216
9 3 19 0 1 0 0 0 0 0 1 230
11 6 19 1 0 0 0 0 0 0 1 1015
11 7 20 1 0 0 0 0 0 0 1 1020
9 7 18 0 1 0 0 0 0 0 1 236
13 6 19 2 0 0 0 0 0 0 1 190
12 7 22 0 1 1 0 0 0 0 0 116
12 2 21 0 0 1 0 0 0 0 0 107
10 2 19 1 0 0 0 0 0 0 1 950
13 3 17 1 0 0 0 0 0 0 1 230
6 2 18 1 0 0 0 0 0 0 1 930
6 6 18 1 0 0 0 0 0 0 1 1018
10 3 18 1 0 0 0 0 0 0 1 952
11 2 18 3 0 0 0 0 0 0 1 1240
13 7 18 1 0 0 0 0 0 0 1 199
8 6 20 1 0 0 0 0 0 0 1 240
11 3 20 1 0 0 0 0 0 0 1 1113
13 2 24 1 0 0 0 0 0 0 1 198
7 6 19 2 0 0 0 0 0 0 1 222
7 2 19 1 0 0 0 0 0 0 1 225
8 7 18 1 0 0 0 0 0 0 1 265
12 6 19 0 1 0 0 0 0 0 1 190
12 2 22 0 0 0 0 1 0 0 0 84
12 6 19 0 0 0 0 1 0 0 0 1
7 3 20 1 0 0 0 0 0 0 1 267
6 7 19 1 0 0 0 0 0 0 1 982
10 6 18 1 0 0 0 0 0 0 1 1099
8 2 18 1 0 0 0 0 0 0 1 228
6 3 18 1 0 0 0 0 0 0 1 1181
10 7 17 1 0 0 0 0 0 0 1 1049
8 3 19 1 0 0 0 0 0 0 1 244
9 2 20 0 1 0 0 0 0 0 1 253
9 6 21 0 1 0 0 0 0 0 1 281
7 7 17 0 1 0 0 0 0 0 1 239
13 2 25 0 1 0 0 0 0 0 1 156
13 3 18 0 1 0 0 0 0 0 1 193
11 7 21 1 0 0 0 0 0 0 1 243
11 2 19 1 0 0 0 0 0 0 1 196
6 6 19 1 0 0 0 0 0 0 1 205
11 6 20 1 0 0 0 0 0 0 1 264
7 6 20 0 1 0 0 0 0 0 1 201
11 3 21 1 0 0 0 0 0 0 1 209
8 6 21 0 1 0 0 0 0 0 1 230
10 3 19 1 0 0 0 0 0 0 1 245
10 2 20 1 0 0 0 0 0 0 1 264
9 4 18 1 0 0 0 0 0 0 1 1013
13 7 19 0 1 0 0 0 0 0 1 254
6 7 20 1 0 0 0 0 0 0 1 192
7 2 20 0 1 0 0 0 0 0 1 253
13 6 20 0 1 0 0 0 0 0 1 319
12 8 17 1 0 0 0 0 0 0 1 986
9 5 18 1 0 0 0 0 0 0 1 1021
10 7 18 1 0 0 0 0 0 0 1 196
6 2 19 1 0 0 0 0 0 0 1 319
9 8 18 1 0 0 0 0 0 0 1 951
8 7 19 0 1 0 0 0 0 0 1 294
12 4 18 1 0 0 0 0 0 0 1 961
10 6 19 1 0 0 0 0 0 0 1 273
8 4 18 0 0 0 1 0 0 0 0 869
6 3 19 1 0 0 0 0 0 0 1 269
9 9 19 1 0 0 0 0 0 0 1 938
12 9 19 1 0 0 0 0 0 0 1 1112
8 2 19 0 1 0 0 0 0 0 1 290
11 6 21 0 1 0 0 0 0 0 1 177
12 5 20 1 0 0 0 0 0 0 1 968
8 3 20 0 1 0 0 0 0 0 1 299
11 3 22 0 1 0 0 0 0 0 1 209
11 7 22 0 1 0 0 0 0 0 1 250
6 6 20 0 1 0 0 0 0 0 1 251
13 9 18 1 0 0 0 0 0 0 1 972
7 9 18 1 0 0 0 0 0 0 1 883
10 3 20 0 1 0 0 0 0 0 1 240
8 8 17 1 0 0 0 0 0 0 1 1120
7 4 19 1 0 0 0 0 0 0 1 804
7 8 13 1 0 0 0 0 0 0 1 1112
12 8 18 1 0 0 0 0 0 0 1 220
10 2 21 0 1 0 0 0 0 0 1 254
8 5 20 1 0 0 0 0 0 0 1 966
13 5 20 2 0 0 0 0 0 0 1 974
6 2 20 0 1 0 0 0 0 0 1 200
9 5 19 1 0 0 0 0 0 0 1 224
11 5 20 0 0 0 1 0 0 0 0 773
11 2 20 0 1 0 0 0 0 0 1 332
7 5 19 1 0 0 0 0 0 0 1 1121
9 4 19 1 0 0 0 0 0 0 1 283
10 7 19 0 1 0 0 0 0 0 1 249
8 9 19 1 0 0 0 0 0 0 1 1144
6 7 21 0 1 0 0 0 0 0 1 288
6 9 17 0 0 0 1 0 0 0 0 851
9 9 20 1 0 0 0 0 0 0 1 209
13 8 19 1 0 0 0 0 0 0 1 1120
6 8 20 0 0 0 1 0 0 0 0 724
6 5 18 0 0 0 1 0 0 0 0 748
8 4 19 1 0 0 0 0 0 0 1 242
13 4 20 1 0 0 0 0 0 0 1 1101
12 9 20 1 1 0 0 0 0 0 1 260
10 6 20 0 1 0 0 0 0 0 1 285
12 4 19 0 1 0 0 0 0 0 1 288
12 5 21 0 1 0 0 0 0 0 1 238
9 8 19 1 0 0 0 0 0 0 1 315
12 8 19 0 1 0 0 0 0 0 1 161
13 5 21 1 0 0 0 0 0 0 1 169
7 9 19 1 0 0 0 0 0 0 1 222
7 4 20 1 0 0 0 0 0 0 1 216
7 8 14 1 0 0 0 0 0 0 1 215
8 5 21 1 0 0 0 0 0 0 1 199
9 8 20 0 1 1 0 0 0 0 0 64
8 8 18 1 0 0 0 0 0 0 1 233
13 9 19 1 0 0 0 0 0 0 1 252
10 5 17 1 0 0 0 0 0 0 1 1089
10 4 19 1 0 0 0 0 0 0 1 1033
13 4 21 1 2 0 0 0 0 0 1 156
7 5 20 1 0 0 0 0 0 0 1 228
9 8 21 0 0 1 0 0 0 0 0 53
11 9 18 1 0 0 0 0 0 0 1 1084
9 5 20 0 1 0 0 0 0 0 1 262
13 8 20 1 0 0 0 0 0 0 1 210
6 8 21 1 0 0 0 0 0 0 1 203
9 9 21 0 1 0 0 0 0 0 1 224
11 5 21 2 0 0 0 0 0 0 1 276
9 4 20 0 1 0 0 0 0 0 1 250
6 4 18 1 0 0 0 0 0 0 1 1095
10 8 20 1 0 0 0 0 0 0 1 986
10 4 20 0 0 0 0 1 0 0 0 50
10 8 20 0 0 0 0 1 0 0 0 1
11 8 21 1 0 0 0 0 0 0 1 1184
8 9 20 1 0 0 0 0 0 0 1 259
6 5 19 1 0 0 0 0 0 0 1 228
6 9 18 1 0 0 0 0 0 0 1 259
8 4 20 1 0 0 0 0 0 0 1 244
10 9 18 1 0 0 0 0 0 0 1 1046
11 4 20 1 0 0 0 0 0 0 1 1166
13 5 22 0 1 0 0 0 0 0 1 222
8 4 21 0 1 1 0 0 0 0 0 74
7 8 15 0 2 0 0 0 0 0 1 207
12 6 20 1 0 0 0 0 0 0 1 868
11 9 19 1 0 0 0 0 0 0 1 157
7 4 21 0 1 0 0 0 0 0 1 227
7 9 20 0 1 0 0 0 0 0 1 237
12 3 21 1 0 0 0 0 0 0 1 1058
8 8 19 0 1 0 0 0 0 0 1 267
10 5 18 1 0 0 0 0 0 0 1 253
8 5 22 0 1 0 0 0 0 0 1 288
6 8 22 1 0 0 0 0 0 0 1 223
12 2 23 1 0 0 0 0 0 0 1 952
6 4 19 1 0 0 0 0 0 0 1 207
13 9 20 0 1 0 0 0 0 0 1 298
8 9 21 0 1 0 0 0 0 0 1 211
9 6 22 1 0 0 0 0 0 0 1 907
12 7 23 1 0 0 0 0 0 0 1 1063
13 4 22 0 1 0 0 0 0 0 1 279
6 9 19 1 0 0 0 0 0 0 1 228
9 3 20 1 0 0 0 0 0 0 1 1136
10 4 21 1 0 0 0 0 0 0 1 254
11 8 22 1 0 0 0 0 0 0 1 266
9 7 19 1 0 0 0 0 0 0 1 1133
13 3 19 1 0 0 0 1 0 0 0 909
13 6 21 1 0 0 0 1 0 0 0 809
10 8 21 1 0 0 0 0 0 0 1 291
6 5 20 1 0 0 0 0 0 0 1 283
9 2 21 1 0 0 0 0 0 0 1 1008
10 9 19 1 0 0 0 0 0 0 1 278
11 5 22 1 0 0 0 0 0 0 1 344
11 4 21 0 1 0 0 0 0 0 1 265
11 9 20 0 1 0 0 0 0 0 1 221
12 6 21 1 0 0 0 0 0 0 1 242
6 8 23 1 0 0 0 0 0 0 1 178
7 7 18 1 0 0 0 0 0 0 1 1058
13 2 26 1 0 0 0 0 0 0 1 1025
12 3 22 1 0 0 0 0 0 0 1 244
7 6 21 1 0 0 0 0 0 0 1 994
8 3 21 1 0 0 0 0 0 0 1 824
8 7 20 1 0 0 0 0 0 0 1 886
10 5 19 0 1 0 0 0 0 0 1 241
7 2 21 1 0 0 0 0 0 0 1 962
8 2 20 1 0 0 0 0 0 0 1 874
12 2 24 1 0 0 0 0 0 0 1 238
7 3 21 1 0 0 0 0 0 0 1 1183
8 6 22 1 0 0 0 0 0 0 1 1027
13 3 20 1 0 0 0 0 0 0 1 193
6 8 24 0 1 1 0 0 0 0 0 104
10 4 22 0 1 0 0 0 0 0 1 236
6 4 20 1 1 0 0 0 0 0 1 299
6 4 20 0 0 0 0 1 0 0 0 1
6 8 25 0 0 0 0 1 0 0 0 21
9 6 23 1 0 0 0 0 0 0 1 285
13 7 20 1 0 0 0 0 0 0 1 1055
9 3 21 1 0 0 0 0 0 0 1 272
12 7 24 1 0 0 0 0 0 0 1 302
6 9 20 0 1 0 0 0 0 0 1 292
10 9 20 0 1 0 0 0 0 0 1 208
9 2 22 1 0 0 0 0 0 0 1 220
10 8 22 0 1 0 0 0 0 0 1 248
8 3 22 1 0 0 0 1 0 0 0 121
8 7 21 1 0 0 0 1 0 0 0 117
6 5 21 0 2 0 0 0 0 0 1 249
13 6 22 2 0 0 0 0 0 0 1 263
11 6 22 1 0 0 0 0 0 0 1 994
11 3 23 1 0 0 0 0 0 0 1 957
11 2 21 1 0 0 0 0 0 0 1 893
9 7 20 1 0 0 0 0 0 0 1 344
11 7 23 1 0 0 0 0 0 0 1 993
7 7 19 1 0 0 0 0 0 0 1 258
13 2 27 1 0 0 0 0 0 0 1 252
7 3 22 1 0 0 0 0 0 0 1 200
12 2 25 0 1 0 0 0 0 0 1 216
8 2 21 1 0 0 0 0 0 0 1 227
12 6 22 0 1 0 0 0 0 0 1 310
12 2 26 0 0 0 0 1 0 0 0 15
12 6 22 0 0 0 0 1 0 0 0 1
12 3 23 0 1 0 0 0 0 0 1 279
13 7 21 1 0 0 0 0 0 0 1 180
7 2 22 1 0 0 0 0 0 0 1 266
9 6 24 0 1 0 0 0 0 0 1 214
7 6 22 1 0 0 0 0 0 0 1 334
13 3 21 1 0 0 0 0 0 0 1 275
8 6 23 1 0 0 0 0 0 0 1 292
10 6 21 1 0 0 0 0 0 0 1 931
10 3 21 1 0 0 0 0 0 0 1 1082
11 6 23 1 0 0 0 0 0 0 1 209
8 7 22 1 0 0 0 0 0 0 1 246
9 2 23 0 1 0 0 0 0 0 1 251
8 3 23 1 1 0 0 0 0 0 1 251
8 3 23 0 0 0 0 1 0 0 0 1
8 7 23 0 0 0 0 1 0 0 0 6
6 7 22 1 0 0 0 0 0 0 1 1053
13 6 23 1 1 0 0 0 0 0 1 263
9 3 22 0 1 0 0 0 0 0 1 290
10 7 20 1 0 0 0 0 0 0 1 1084
7 6 23 0 1 1 0 0 0 0 0 94
11 3 24 2 0 0 0 0 0 0 1 257
10 2 22 1 0 0 0 0 0 0 1 1140
6 2 21 1 0 0 0 0 0 0 1 1142
11 2 22 1 0 0 0 0 0 0 1 234
8 3 24 0 1 1 0 0 0 0 0 70
8 7 24 0 1 1 0 0 0 0 0 70
12 5 22 1 0 0 0 0 0 0 1 1042
7 3 23 0 1 0 0 0 0 0 1 224
6 3 20 1 0 0 0 0 0 0 1 1328
13 2 28 0 1 0 0 0 0 0 1 236
8 2 22 0 1 0 0 0 0 0 1 219
12 9 21 2 0 0 0 0 0 0 1 1097
8 6 24 0 1 0 0 0 0 0 1 160
11 7 24 1 0 0 0 0 0 0 1 284
12 8 20 1 0 0 0 0 0 0 1 1055
13 7 22 0 1 0 0 0 0 0 1 236
12 4 20 1 0 0 0 0 0 0 1 1101
7 2 23 0 1 0 0 0 0 0 1 246
7 7 20 0 1 0 0 0 0 0 1 327
9 9 22 1 0 0 0 0 0 0 1 993
10 3 22 1 0 0 0 0 0 0 1 246
10 6 22 1 0 0 0 0 0 0 1 249
9 8 22 1 0 0 0 0 0 0 1 1049
10 2 23 1 0 0 0 0 0 0 1 177
6 3 21 1 0 0 0 0 0 0 1 168
11 6 24 0 1 0 0 0 0 0 1 264
6 7 23 1 0 0 0 0 0 0 1 256
9 5 21 2 0 0 0 0 0 0 1 1091
10 7 21 2 0 0 0 0 0 0 1 250
12 5 23 1 0 0 0 0 0 0 1 213
7 5 21 1 0 0 0 0 0 0 1 1157
11 2 23 0 1 0 0 0 0 0 1 261
11 3 25 0 2 0 0 0 0 0 1 284
6 2 22 1 0 0 0 0 0 0 1 276
8 4 22 1 0 0 0 0 0 0 1 1033
13 5 23 1 0 0 0 0 0 0 1 1049
12 8 21 1 0 0 0 0 0 0 1 230
11 7 25 0 1 0 0 0 0 0 1 238
9 4 21 1 0 0 0 0 0 0 1 1164
13 4 23 1 0 0 0 0 0 0 1 923
7 8 16 1 0 0 0 0 0 0 1 1057
7 4 22 1 0 0 0 0 0 0 1 1048
13 8 21 1 0 0 0 0 0 0 1 1199
13 4 24 0 0 0 0 1 0 0 0 17
13 8 21 0 0 0 0 1 0 0 0 1
13 9 21 1 0 0 0 0 0 0 1 974
12 4 21 1 0 0 0 0 0 0 1 281
8 5 23 1 0 0 0 0 0 0 1 1024
12 9 22 1 0 0 0 0 0 0 1 307
10 3 23 0 1 0 0 0 0 0 1 222
8 9 22 1 0 0 0 0 0 0 1 1024
10 6 23 0 1 0 0 0 0 0 1 234
7 9 21 1 0 0 0 0 0 0 1 1119
9 9 23 1 0 0 0 0 0 0 1 280
9 8 23 1 0 0 0 0 0 0 1 248
8 8 20 1 0 0 0 0 0 0 1 1098
6 7 24 0 1 0 0 0 0 0 1 229
10 2 24 0 1 0 0 0 0 0 1 284
6 3 22 0 1 0 0 0 0 0 1 261
10 7 22 0 1 0 0 0 0 0 1 234
11 9 21 2 0 0 0 0 0 0 1 965
7 5 22 1 0 0 0 0 0 0 1 195
9 5 22 1 0 0 0 0 0 0 1 252
11 8 23 1 0 0 0 0 0 0 1 1071
12 5 24 0 1 0 0 0 0 0 1 272
8 4 23 1 0 0 0 0 0 0 1 233
12 8 22 0 1 0 0 0 0 0 1 230
11 4 22 1 0 0 0 0 0 0 1 1043
13 5 24 1 0 0 0 0 0 0 1 237
6 2 23 0 1 0 0 0 0 0 1 264
7 8 17 1 0 0 0 0 0 0 1 238
9 5 23 0 1 1 0 0 0 0 0 92
13 9 22 1 0 0 0 0 0 0 1 222
12 4 22 0 1 0 0 0 0 0 1 203
12 9 23 0 1 0 0 0 0 0 1 231
8 5 24 1 0 0 0 0 0 0 1 239
13 4 25 2 0 0 0 0 0 0 1 289
7 4 23 1 0 0 0 0 0 0 1 292
9 4 22 0 1 0 0 0 0 0 1 321
11 5 23 1 0 0 0 0 0 0 1 1152
10 8 23 1 0 0 0 0 0 0 1 947
9 9 24 0 2 0 0 0 0 0 1 247
10 9 21 1 0 0 0 0 0 0 1 984
8 9 23 1 0 0 0 0 0 0 1 285
6 9 21 3 0 0 0 0 0 0 1 994
9 2 24 0 0 0 1 0 0 0 0 740
7 4 24 0 0 1 0 0 0 0 0 69
7 5 23 0 1 0 0 0 0 0 1 225
6 8 26 1 0 0 0 0 0 0 1 1040
9 8 24 0 1 0 0 0 0 0 1 282
13 8 22 1 0 0 0 0 0 0 0 367
8 8 21 1 0 0 0 0 0 0 1 263
10 4 23 1 0 0 0 0 0 0 1 1054
11 9 22 1 0 0 0 0 0 0 1 239
6 4 21 2 0 0 0 0 0 0 1 1050
7 9 22 1 1 0 0 0 0 0 1 321
11 8 24 1 0 0 0 0 0 0 1 260
10 5 20 1 0 0 0 0 0 0 1 1172
8 4 24 0 1 0 0 0 0 0 1 237
13 5 25 0 1 0 0 0 0 0 1 228
11 4 23 1 0 0 0 0 0 0 1 240
7 8 18 0 1 0 0 0 0 0 1 222
6 6 21 1 0 0 0 0 0 0 0 2004
6 5 22 1 0 0 0 0 0 0 1 1116
12 2 27 1 0 0 0 0 0 0 1 1000
9 6 25 1 0 0 0 0 0 0 1 952
13 9 23 0 1 0 0 0 0 0 1 277
12 7 25 1 0 0 0 0 0 0 1 1166
10 9 22 1 0 0 0 0 0 0 1 202
11 5 24 0 1 0 0 0 0 0 1 245
9 3 23 1 0 0 0 0 0 0 1 922
8 5 25 0 1 0 0 0 0 0 1 292
11 4 24 0 1 1 0 0 0 0 0 125
9 7 21 1 0 0 0 0 0 0 1 1125
12 6 23 1 0 0 0 0 0 0 1 1079
6 8 27 1 0 0 0 0 0 0 1 223
12 3 24 1 0 0 0 0 0 0 1 1084
10 8 24 1 0 0 0 0 0 0 1 289
6 4 22 1 0 0 0 0 0 0 1 255
13 6 24 1 0 0 0 0 0 0 1 997
7 7 21 1 0 0 0 0 0 0 1 845
10 4 24 1 0 0 0 0 0 0 1 269
11 9 23 0 1 0 0 0 0 0 1 274
6 9 22 1 0 0 0 0 0 0 1 300
13 7 23 1 0 0 0 0 0 0 1 914
9 2 25 1 0 0 0 0 0 0 1 309
10 5 21 1 0 0 0 0 0 0 1 245
7 6 24 1 0 0 0 0 0 0 1 1023
7 3 24 2 0 0 0 0 0 0 1 994
6 5 23 1 0 0 0 0 0 0 1 214
13 2 29 1 0 0 0 0 0 0 1 1004
7 2 24 1 0 0 0 0 0 0 1 939
13 3 22 1 0 0 0 0 0 0 1 1142
11 8 25 0 1 0 0 0 0 0 1 294
12 2 28 1 0 0 0 0 0 0 1 226
9 6 26 1 0 0 0 0 0 0 1 256
12 7 26 1 0 0 0 0 0 0 1 270
8 2 23 1 0 0 0 0 0 0 1 1090
8 3 25 1 0 0 0 0 0 0 1 1114
9 7 22 1 0 0 0 0 0 0 1 247
8 7 25 1 0 0 0 0 0 0 1 1135
10 9 23 0 1 0 0 0 0 0 1 277
6 8 28 0 1 0 0 0 0 0 1 240
9 3 24 1 0 0 0 0 0 0 1 280
12 3 25 1 0 0 0 0 0 0 1 253
7 6 25 1 0 0 0 0 0 0 1 162
10 4 25 0 1 0 0 0 0 0 1 212
10 7 23 0 0 0 1 0 0 0 0 733
6 4 23 0 1 0 0 0 0 0 1 236
12 6 24 1 0 0 0 0 0 0 1 296
10 8 25 0 1 0 0 0 0 0 1 267
13 6 25 1 0 0 0 0 0 0 1 250
9 2 26 0 1 0 0 0 0 0 1 216
11 6 25 1 0 0 0 0 0 0 1 1013
11 2 24 2 0 0 0 0 0 0 1 954
8 6 25 1 0 0 0 0 0 0 0 1173
7 7 22 1 0 0 0 0 0 0 1 278
13 7 24 1 0 0 0 0 0 0 1 250
6 9 23 0 1 0 0 0 0 0 1 275
13 2 30 1 0 0 0 0 0 0 1 223
11 3 26 1 0 0 0 0 0 0 1 993
7 3 25 1 0 0 0 0 0 0 1 257
11 7 26 1 0 0 0 0 0 0 1 973
12 2 29 0 1 0 0 0 0 0 1 245
8 3 26 1 0 0 0 0 0 0 1 187
13 3 23 1 0 0 0 0 0 0 1 284
9 7 23 0 1 0 0 0 0 0 1 188
9 6 27 0 1 0 0 0 0 0 1 255
7 2 25 1 0 0 0 0 0 0 1 307
8 2 24 1 0 0 0 0 0 0 1 227
12 3 26 0 1 0 0 0 0 0 1 206
7 6 26 0 1 0 0 0 0 0 1 221
6 2 24 1 0 0 0 0 0 0 1 866
8 7 26 1 0 0 0 0 0 0 1 268
9 3 25 0 1 0 0 0 0 0 1 258
8 6 26 0 1 0 0 0 0 0 1 191
12 7 27 0 1 0 0 0 0 0 1 314
6 7 25 1 0 0 0 0 0 0 1 999
10 6 24 1 0 0 0 0 0 0 1 1047
10 3 24 1 0 0 0 0 0 0 1 1060
10 2 25 1 0 0 0 0 0 0 1 1007
13 2 31 0 1 0 0 0 0 0 1 201
11 2 25 1 0 0 0 0 0 0 1 243
7 3 26 0 2 0 0 0 0 0 1 193
10 7 24 1 0 0 0 0 0 0 1 285
11 6 26 1 0 0 0 0 0 0 1 272
13 7 25 0 1 0 0 0 0 0 1 268
6 3 23 1 0 0 0 0 0 0 1 1059
8 3 27 0 1 0 0 0 0 0 1 207
8 2 25 0 1 0 0 0 0 0 1 198
11 3 27 1 0 0 0 0 0 0 1 290
7 7 23 0 1 0 0 0 0 0 1 320
13 6 26 0 1 0 0 0 0 0 1 360
11 7 27 1 0 0 0 0 0 0 1 298
6 6 22 1 0 0 0 0 0 0 1 775
12 9 24 1 0 0 0 0 0 0 1 1009
11 3 28 0 0 1 0 0 0 0 0 55
6 2 25 1 0 0 0 0 0 0 1 205
13 3 24 0 1 0 0 0 0 0 1 294
12 5 25 1 0 0 0 0 0 0 1 1126
9 4 23 1 0 0 0 0 0 0 1 1012
11 2 26 0 1 0 0 0 0 0 1 191
12 8 23 1 0 0 0 0 0 0 1 1134
9 5 24 1 0 0 0 0 0 0 1 1123
9 9 25 1 0 0 0 0 0 0 1 1031
11 6 27 0 1 0 0 0 0 0 1 211
10 7 25 1 0 0 0 0 0 0 1 217
10 3 25 1 0 0 0 0 0 0 1 254
9 8 25 1 0 0 0 0 0 0 1 1013
6 7 26 1 0 0 0 0 0 0 1 273
12 4 23 1 0 0 0 0 0 0 1 1148
6 3 24 1 1 0 0 0 0 0 1 202
10 2 26 1 0 0 0 0 0 0 1 268
8 8 22 2 0 0 0 0 0 0 1 1044
7 4 25 1 0 0 0 0 0 0 1 1077
8 9 24 1 0 0 0 0 0 0 1 1089
8 4 25 1 0 0 0 0 0 0 1 1007
10 6 25 1 0 0 0 0 0 0 1 333
7 9 23 1 0 0 0 0 0 0 1 1057
13 9 24 1 0 0 0 0 0 0 1 945
7 5 24 1 0 0 0 0 0 0 1 1107
8 5 26 1 0 0 0 0 0 0 1 907
13 8 23 1 0 0 0 0 0 0 1 1116
13 5 26 1 0 0 0 0 0 0 1 1051
7 8 19 1 0 0 0 0 0 0 1 1039
12 8 24 1 0 0 0 0 0 0 1 162
6 2 26 0 1 0 0 0 0 0 1 211
6 6 23 0 1 0 0 0 0 0 1 259
10 7 26 0 1 0 0 0 0 0 1 185
9 4 24 1 0 0 0 0 0 0 1 246
9 5 25 1 0 0 0 0 0 0 1 203
12 9 25 1 0 0 0 0 0 0 1 293
11 9 24 1 0 0 0 0 0 0 1 927
13 4 26 1 0 0 0 0 0 0 1 1288
12 5 26 1 0 0 0 0 0 0 1 282
8 9 25 1 0 0 0 0 0 0 1 154
12 4 24 0 1 0 0 0 0 0 1 212
10 3 26 0 1 0 0 0 0 0 1 239
9 9 26 0 1 0 0 0 0 0 1 263
8 8 23 1 0 0 0 0 0 0 1 208
10 6 26 0 1 0 0 0 0 0 1 182
11 5 25 1 0 0 0 0 0 0 1 1077
10 2 27 0 1 0 0 0 0 0 1 250
8 4 26 1 0 0 0 0 0 0 1 218
8 5 27 1 0 0 0 0 0 0 1 188
11 8 26 2 0 0 0 0 0 0 1 951
9 8 26 0 1 0 0 0 0 0 1 297
11 4 25 1 0 0 0 0 0 0 1 1108
7 4 26 1 0 0 0 0 0 0 1 243
13 5 27 1 0 0 0 0 0 0 1 202
13 9 25 1 0 0 0 0 0 0 1 233
13 5 27 0 0 0 0 1 0 0 0 4
13 9 25 0 0 0 0 1 0 0 0 1
7 9 24 1 0 0 0 0 0 0 1 239
7 5 25 1 0 0 0 0 0 0 1 240
7 8 20 1 0 0 0 0 0 0 1 245
13 8 24 1 0 0 0 0 0 0 1 251
6 4 24 1 0 0 0 0 0 0 1 882
6 5 24 1 0 0 0 0 0 0 1 1079
13 4 27 0 1 0 0 0 0 0 1 236
11 9 25 1 0 0 0 0 0 0 1 248
6 9 24 1 0 0 0 0 0 0 1 932
8 9 26 1 0 0 0 0 0 0 1 273
11 5 26 1 0 0 0 0 0 0 1 247
10 5 22 1 0 0 0 0 0 0 1 1209
11 4 26 1 0 0 0 0 0 0 1 205
10 9 24 1 0 0 0 0 0 0 1 1059
6 8 29 1 0 0 0 0 0 0 1 1064
8 8 24 1 0 0 0 0 0 0 1 276
10 8 26 1 0 0 0 0 0 0 1 1034
13 7 26 0 0 0 1 0 0 0 0 723
7 4 27 0 1 0 0 0 0 0 1 229
13 9 26 0 1 0 0 0 0 0 1 219
8 5 28 0 1 0 0 0 0 0 1 253
13 3 25 0 0 0 1 0 0 0 0 630
12 6 25 1 0 0 0 0 0 0 1 1059
13 5 28 0 1 0 0 0 0 0 1 236
13 2 32 0 0 0 1 0 0 0 0 800
9 2 27 1 0 0 0 0 0 0 1 1056
11 8 27 1 0 0 0 0 0 0 1 274
7 8 21 0 1 0 0 0 0 0 1 219
8 4 27 0 1 0 0 0 0 0 1 305
9 7 24 1 0 0 0 0 0 0 1 968
12 7 28 1 0 0 0 0 0 0 1 875
7 9 25 0 1 0 0 0 0 0 1 287
6 5 25 1 0 0 0 0 0 0 1 206
10 4 26 1 0 0 0 0 0 0 1 1132
9 3 26 1 0 0 0 0 0 0 1 891
9 6 28 1 0 0 0 0 0 0 1 992
7 5 26 0 1 0 0 0 0 0 1 297
11 9 26 0 1 0 0 0 0 0 1 205
6 4 25 1 0 0 0 0 0 0 1 285
12 3 27 1 0 0 0 0 0 0 1 1022
12 2 30 1 0 0 0 0 0 0 1 1111
10 5 23 1 0 0 0 0 0 0 1 200
11 5 27 0 1 0 0 0 0 0 1 213
6 9 25 1 0 0 0 0 0 0 1 246
6 8 30 1 0 0 0 0 0 0 1 218
13 2 33 1 0 0 0 0 0 0 1 184
10 8 27 2 0 0 0 0 0 0 1 213
11 4 27 0 1 0 0 0 0 0 1 250
10 9 25 1 0 0 0 0 0 0 1 276
12 6 26 1 0 0 0 0 0 0 1 245
9 2 28 1 0 0 0 0 0 0 1 265
12 7 29 1 0 0 0 0 0 0 1 227
10 4 27 0 1 0 0 0 0 0 1 229
11 8 28 0 1 0 0 0 0 0 1 270
13 3 26 1 0 0 0 0 0 0 1 290
9 7 25 1 0 0 0 0 0 0 1 263
6 4 26 0 1 0 0 0 0 0 1 216
6 5 26 0 1 0 0 0 0 0 1 267
13 6 27 1 0 0 0 0 0 0 1 1012
7 7 24 1 0 0 0 0 0 0 1 1025
7 6 27 1 0 0 0 0 0 0 1 1202
8 7 27 1 0 0 0 0 0 0 1 1188
8 3 28 1 0 0 0 0 0 0 1 1085
8 2 26 1 0 0 0 0 0 0 1 1061
7 2 26 1 0 0 0 0 0 0 1 1270
8 6 27 1 0 0 0 0 0 0 1 1204
6 9 26 0 1 0 0 0 0 0 1 212
12 3 28 0 1 0 0 0 0 0 1 262
12 2 31 0 1 0 0 0 0 0 1 262
6 8 31 0 1 0 0 0 0 0 1 245
13 2 34 1 0 0 0 0 0 0 1 240
9 6 29 1 0 0 0 0 0 0 1 356
9 3 27 1 0 0 0 0 0 0 1 373
10 5 24 0 1 0 0 0 0 0 1 285
11 2 27 1 0 0 0 0 0 0 1 1038
9 7 26 0 1 1 0 0 0 0 0 146
10 8 28 0 1 0 0 0 0 0 1 280
11 7 28 1 0 0 0 0 0 0 1 1152
10 9 26 0 1 0 0 0 0 0 1 239
13 3 27 1 1 0 0 0 0 0 1 193
11 3 29 1 0 0 0 0 0 0 1 1127
12 6 27 0 1 0 0 0 0 0 1 264
12 7 30 0 1 0 0 0 0 0 1 235
11 6 28 1 0 0 0 0 0 0 1 1075
7 3 27 1 0 0 0 0 0 0 0 1303
7 7 25 1 0 0 0 0 0 0 1 216
13 6 28 0 1 0 0 0 0 0 1 226
9 2 29 0 1 0 0 0 0 0 1 304
8 7 28 1 0 0 0 0 0 0 1 246
7 2 27 1 0 0 0 0 0 0 1 245
8 2 27 1 0 0 0 0 0 0 1 254
6 2 27 1 0 0 0 0 0 0 1 1037
7 6 28 1 0 0 0 0 0 0 1 286
10 7 27 1 0 0 0 0 0 0 1 1005
13 2 35 0 1 0 0 0 0 0 1 216
6 3 25 1 0 0 0 0 0 0 1 1183
6 6 24 1 0 0 0 0 0 0 1 1083
8 3 29 1 0 0 0 0 0 0 1 320
11 7 29 1 0 0 0 0 0 0 1 211
10 3 27 1 0 0 0 0 0 0 1 1007
9 9 27 1 0 0 0 0 1 0 0 998
8 6 28 1 0 0 0 0 0 0 1 321
11 3 30 1 0 0 0 0 0 0 1 223
11 2 28 1 0 0 0 0 0 0 1 270
10 2 28 1 0 0 0 0 0 0 1 994
13 3 28 0 1 0 0 0 0 0 1 235
6 7 27 1 0 0 0 0 0 0 1 1269
10 6 27 1 0 0 0 0 0 0 1 1029
7 3 28 1 0 0 0 0 0 0 1 223
8 6 29 0 0 1 0 0 0 0 0 61
12 4 25 1 0 0 0 0 0 0 1 1091
9 8 27 1 0 0 0 0 0 0 1 1016
11 6 29 1 0 0 0 0 0 0 1 253
12 9 26 2 0 0 0 0 0 0 1 1145
12 8 25 1 0 0 0 0 0 0 1 1229
9 4 25 1 0 0 0 0 0 0 1 1174
7 7 26 0 1 0 0 0 0 0 1 261
8 2 28 0 1 0 0 0 0 0 1 201
9 5 26 1 0 0 0 0 0 0 1 1190
7 2 28 0 1 0 0 0 0 0 1 238
6 2 28 1 0 0 0 0 0 0 1 234
8 3 30 0 1 0 0 0 0 0 1 169
13 9 27 1 0 0 0 0 0 0 1 884
8 7 29 0 1 0 0 0 0 0 1 273
10 2 29 0 1 0 0 0 0 0 1 174
6 3 26 1 0 0 0 0 0 0 1 259
10 7 28 1 0 0 0 0 0 0 1 276
6 6 25 1 0 0 0 0 0 0 1 246
11 7 30 0 1 0 0 0 0 0 1 233
7 6 29 0 1 0 0 0 0 0 1 306
10 3 28 0 1 0 0 0 0 0 1 246
11 3 31 0 1 0 0 0 0 0 1 231
13 4 28 1 0 0 0 0 0 0 1 1053
10 6 28 0 1 0 0 0 0 0 1 235
10 7 29 0 1 1 0 0 0 0 0 65
10 2 30 0 1 1 0 0 0 0 0 80
11 2 29 0 1 0 0 0 0 0 1 264
13 8 25 1 0 0 0 0 0 0 1 1174
9 8 28 1 0 0 0 0 0 0 1 217
13 5 29 1 0 0 0 0 0 0 1 983
9 9 28 1 0 0 0 0 0 0 1 307
12 4 26 1 0 0 0 0 0 0 1 236
12 8 26 1 0 0 0 0 0 0 1 205
9 5 27 1 0 0 0 0 0 0 1 199
11 6 30 0 1 0 0 0 0 0 1 261
6 7 28 0 1 0 0 0 0 0 1 305
8 8 25 1 0 0 0 0 0 0 1 1068
10 5 25 0 0 0 1 0 0 0 0 606
10 4 28 0 0 0 1 0 0 0 0 763
9 4 26 1 0 0 0 0 0 0 1 256
12 9 27 1 0 0 0 0 0 0 1 279
13 9 28 1 0 0 0 0 0 0 1 207
8 4 28 1 0 0 0 0 0 0 1 1041
10 8 29 0 0 0 1 0 0 0 0 608
10 9 27 0 0 0 1 0 0 0 0 624
8 5 29 1 0 0 0 0 0 0 1 1108
7 4 28 1 0 0 0 0 0 0 1 1130
6 2 29 0 1 0 0 0 0 0 1 270
7 8 22 1 0 0 0 0 0 0 1 1108
8 9 27 1 0 0 0 0 0 0 1 1195
6 4 27 0 0 0 0 1 0 0 0 817
6 8 32 1 0 0 0 1 0 0 0 711
12 9 28 0 1 1 0 0 0 0 0 80
13 4 29 1 0 0 0 1 0 0 0 218
13 5 30 0 2 0 0 1 0 0 0 173
7 9 26 1 0 0 0 0 0 0 1 1116
11 4 28 1 0 0 0 0 0 0 1 988
9 8 29 1 0 0 0 0 0 0 1 215
7 5 27 1 0 0 0 0 0 0 1 1148
9 9 29 1 0 0 0 0 0 0 1 245
11 5 28 1 0 0 0 0 0 0 1 1085
13 5 31 0 0 1 0 0 0 0 0 96
12 8 27 0 1 0 0 0 0 0 1 259
11 9 27 2 0 0 0 0 0 0 1 1164
6 5 27 1 0 0 0 0 0 0 1 942
13 8 26 0 1 0 0 0 0 0 1 297
9 5 28 0 1 0 0 0 0 0 1 260
11 8 29 1 0 0 0 0 0 0 1 996
8 8 26 1 0 0 0 0 0 0 1 257
10 5 26 1 0 0 0 0 0 0 1 251
9 8 30 0 1 1 0 0 0 0 0 103
10 8 30 1 0 0 0 0 0 0 1 232
9 4 27 0 2 0 0 0 0 0 1 251
12 4 27 0 1 0 0 0 0 0 1 318
8 4 29 1 0 0 0 0 0 0 1 243
8 5 30 1 0 0 0 0 0 0 1 226
10 9 28 1 0 0 0 0 0 0 1 253
6 4 28 2 0 0 0 0 0 0 1 210
13 9 29 0 1 0 0 0 0 0 1 290
6 9 27 1 0 0 0 0 0 0 1 982
10 4 29 1 0 0 0 0 0 0 1 324
8 9 28 1 0 0 0 0 0 0 1 248
11 4 29 1 0 0 0 0 0 0 1 193
7 8 23 1 0 0 0 0 0 0 1 260
7 4 29 1 0 0 0 0 0 0 1 292
13 4 30 0 1 0 0 0 0 0 1 247
7 5 28 1 0 0 0 0 0 0 1 195
7 9 27 1 0 0 0 0 0 0 1 274
12 2 32 1 0 0 0 0 0 0 1 1044
6 8 33 1 0 0 0 0 0 0 1 330
12 6 28 1 0 0 0 0 0 0 1 974
11 9 28 1 0 0 0 0 0 0 1 221
11 5 29 1 0 0 0 0 0 0 1 259
11 5 29 0 0 0 0 1 0 0 0 1
11 9 29 0 0 0 0 1 0 0 0 22
6 5 28 1 0 0 0 0 0 0 1 243
10 5 27 1 0 0 0 0 0 0 1 216
7 9 28 0 1 1 0 0 0 0 0 73
12 3 29 1 0 0 0 0 0 0 1 1113
6 4 29 1 0 0 0 0 0 0 1 180
8 8 27 0 1 0 0 0 0 0 1 241
10 8 31 1 0 0 0 0 0 0 1 225
13 6 29 1 0 0 0 0 0 0 1 1007
6 9 28 1 0 0 0 0 0 0 1 204
9 2 30 1 0 0 0 1 0 0 0 998
9 7 27 1 0 0 0 1 0 0 0 1121
12 7 31 1 0 0 0 0 0 0 1 1072
13 2 36 1 0 0 0 0 0 0 1 942
11 8 30 1 0 0 0 0 0 0 1 307
8 5 31 0 1 0 0 0 0 0 1 280
10 9 29 1 0 0 0 0 0 0 1 258
7 5 29 0 1 0 0 0 0 0 1 199
8 9 29 0 1 0 0 0 0 0 1 238
10 4 30 1 0 0 0 0 0 0 1 247
8 4 30 0 1 0 0 0 0 0 1 318
6 8 34 1 0 0 0 0 0 0 1 172
13 3 29 1 0 0 0 0 0 0 1 924
9 3 28 1 0 0 0 0 0 0 1 1208
9 6 30 1 0 0 0 0 0 0 1 1215
11 4 30 1 0 0 0 0 0 0 1 264
7 8 24 0 1 0 0 0 0 0 1 273
13 7 27 1 0 0 0 0 0 0 0 1699
